Training Alice, and Bob, Epoch: 1
msg
[[ 1. -1.  1. -1.]
 [ 1.  1. -1.  1.]
 [ 1.  1. -1.  1.]
 [ 1. -1.  1. -1.]
 [-1. -1. -1. -1.]
 [ 1. -1. -1.  1.]
 [-1.  1.  1. -1.]
 [ 1. -1.  1. -1.]]
--------------------------------------------------------------------------------
key
[[-1. -1. -1.  1.]
 [-1. -1.  1.  1.]
 [ 1.  1. -1.  1.]
 [-1.  1. -1. -1.]
 [ 1. -1.  1. -1.]
 [-1. -1.  1.  1.]
 [ 1. -1. -1. -1.]
 [-1. -1. -1.  1.]]
--------------------------------------------------------------------------------
alice output
[[ 0.          0.          0.          0.        ]
 [ 0.         -0.05046548 -0.07202994 -0.00565115]
 [ 0.          0.          0.          0.        ]
 [-0.00502641 -0.09794517 -0.00393836  0.        ]
 [ 0.          0.         -0.04309848  0.        ]
 [ 0.         -0.05365728 -0.07427688  0.        ]
 [-0.07042166  0.         -0.02053849  0.        ]
 [ 0.          0.          0.          0.        ]]
--------------------------------------------------------------------------------
bob input
[[ 0.          0.          0.          0.         -1.         -1.
  -1.          1.        ]
 [ 0.         -0.05046548 -0.07202994 -0.00565115 -1.         -1.
   1.          1.        ]
 [ 0.          0.          0.          0.          1.          1.
  -1.          1.        ]
 [-0.00502641 -0.09794517 -0.00393836  0.         -1.          1.
  -1.         -1.        ]
 [ 0.          0.         -0.04309848  0.          1.         -1.
   1.         -1.        ]
 [ 0.         -0.05365728 -0.07427688  0.         -1.         -1.
   1.          1.        ]
 [-0.07042166  0.         -0.02053849  0.          1.         -1.
  -1.         -1.        ]
 [ 0.          0.          0.          0.         -1.         -1.
  -1.          1.        ]]
--------------------------------------------------------------------------------
bob output
[[-0.00934542 -0.05020019 -0.02134469  0.        ]
 [ 0.         -0.06259008 -0.01421911  0.        ]
 [-0.09969167  0.         -0.06535892  0.        ]
 [-0.06954125  0.          0.          0.        ]
 [ 0.          0.         -0.03469161  0.        ]
 [ 0.         -0.06234861 -0.01364332  0.        ]
 [ 0.          0.         -0.03423387 -0.00349686]
 [-0.00934542 -0.05020019 -0.02134469  0.        ]]
--------------------------------------------------------------------------------
Training Eve, Epoch: 1
eve output
[[ 1.         -0.9999943   0.70885307 -0.9604889 ]
 [ 1.         -0.99999696  0.68901426 -0.9717282 ]
 [ 1.         -0.9999943   0.70885307 -0.9604889 ]
 [ 1.         -0.9999914  -0.71686536 -0.9393314 ]
 [ 1.         -0.9999966   0.89954925 -0.9727798 ]
 [ 1.         -0.9999972   0.6960726  -0.97296554]
 [ 1.         -0.99999547  0.93860596 -0.9685129 ]
 [ 1.         -0.9999943   0.70885307 -0.9604889 ]]
--------------------------------------------------------------------------------
Training Alice, and Bob, Epoch: 2
msg
[[ 1. -1.  1. -1.]
 [ 1.  1. -1.  1.]
 [ 1.  1. -1.  1.]
 [ 1. -1.  1. -1.]
 [-1. -1. -1. -1.]
 [ 1. -1. -1.  1.]
 [-1.  1.  1. -1.]
 [ 1. -1.  1. -1.]]
--------------------------------------------------------------------------------
key
[[-1. -1. -1.  1.]
 [-1. -1.  1.  1.]
 [ 1.  1. -1.  1.]
 [-1.  1. -1. -1.]
 [ 1. -1.  1. -1.]
 [-1. -1.  1.  1.]
 [ 1. -1. -1. -1.]
 [-1. -1. -1.  1.]]
--------------------------------------------------------------------------------
alice output
[[-0.9980185   0.         -0.99946487  0.        ]
 [-0.9887801  -0.9930503   0.         -0.98289824]
 [ 0.         -0.9987517  -0.6396988  -0.9956009 ]
 [-0.0492945  -0.59378934 -0.9998454   0.        ]
 [ 0.         -0.9970968  -0.99921626  0.        ]
 [ 0.         -0.99892706 -0.6956361  -0.88722867]
 [-0.9999314   0.         -0.99892235  0.        ]
 [-0.9980185   0.         -0.99946487  0.        ]]
--------------------------------------------------------------------------------
bob input
[[-0.9980185   0.         -0.99946487  0.         -1.         -1.
  -1.          1.        ]
 [-0.9887801  -0.9930503   0.         -0.98289824 -1.         -1.
   1.          1.        ]
 [ 0.         -0.9987517  -0.6396988  -0.9956009   1.          1.
  -1.          1.        ]
 [-0.0492945  -0.59378934 -0.9998454   0.         -1.          1.
  -1.         -1.        ]
 [ 0.         -0.9970968  -0.99921626  0.          1.         -1.
   1.         -1.        ]
 [ 0.         -0.99892706 -0.6956361  -0.88722867 -1.         -1.
   1.          1.        ]
 [-0.9999314   0.         -0.99892235  0.          1.         -1.
  -1.         -1.        ]
 [-0.9980185   0.         -0.99946487  0.         -1.         -1.
  -1.          1.        ]]
--------------------------------------------------------------------------------
bob output
[[ 0.         -0.9999956   0.         -0.9997986 ]
 [ 0.          0.         -0.9999812   0.        ]
 [ 0.          0.         -0.9999932   0.        ]
 [ 0.         -0.9999956   0.         -0.99990743]
 [-0.99958366 -0.9985653  -0.9998646  -0.999599  ]
 [ 0.         -0.99962306 -0.99996936  0.        ]
 [-0.9999771   0.          0.         -0.9999787 ]
 [ 0.         -0.9999956   0.         -0.9997986 ]]
--------------------------------------------------------------------------------
Training Eve, Epoch: 2
eve output
[[ 1.         -1.          1.         -0.9999963 ]
 [ 1.          1.         -0.9999998   0.9999989 ]
 [ 1.          1.         -0.9999999   0.9853194 ]
 [ 1.         -1.          1.         -0.99999905]
 [ 1.         -1.          0.9998288  -0.9999987 ]
 [ 1.          0.99687284 -0.9999999   0.05974013]
 [ 1.         -1.          1.         -0.99999624]
 [ 1.         -1.          1.         -0.9999963 ]]
--------------------------------------------------------------------------------
Training Alice, and Bob, Epoch: 3
msg
[[ 1. -1.  1. -1.]
 [ 1.  1. -1.  1.]
 [ 1.  1. -1.  1.]
 [ 1. -1.  1. -1.]
 [-1. -1. -1. -1.]
 [ 1. -1. -1.  1.]
 [-1.  1.  1. -1.]
 [ 1. -1.  1. -1.]]
--------------------------------------------------------------------------------
key
[[-1. -1. -1.  1.]
 [-1. -1.  1.  1.]
 [ 1.  1. -1.  1.]
 [-1.  1. -1. -1.]
 [ 1. -1.  1. -1.]
 [-1. -1.  1.  1.]
 [ 1. -1. -1. -1.]
 [-1. -1. -1.  1.]]
--------------------------------------------------------------------------------
alice output
[[-0.99996644 -0.79012096 -1.          0.        ]
 [-0.99991333 -0.99999774 -0.9999169  -0.99970365]
 [-0.9997084  -0.99980587 -0.9999994  -0.99933845]
 [ 0.         -0.99911445 -1.          0.        ]
 [ 0.         -1.         -0.9795401  -0.9991161 ]
 [ 0.         -1.         -0.38917446 -0.99384344]
 [-1.         -0.11999836 -1.          0.        ]
 [-0.99996644 -0.79012096 -1.          0.        ]]
--------------------------------------------------------------------------------
bob input
[[-0.99996644 -0.79012096 -1.          0.         -1.         -1.
  -1.          1.        ]
 [-0.99991333 -0.99999774 -0.9999169  -0.99970365 -1.         -1.
   1.          1.        ]
 [-0.9997084  -0.99980587 -0.9999994  -0.99933845  1.          1.
  -1.          1.        ]
 [ 0.         -0.99911445 -1.          0.         -1.          1.
  -1.         -1.        ]
 [ 0.         -1.         -0.9795401  -0.9991161   1.         -1.
   1.         -1.        ]
 [ 0.         -1.         -0.38917446 -0.99384344 -1.         -1.
   1.          1.        ]
 [-1.         -0.11999836 -1.          0.          1.         -1.
  -1.         -1.        ]
 [-0.99996644 -0.79012096 -1.          0.         -1.         -1.
  -1.          1.        ]]
--------------------------------------------------------------------------------
bob output
[[ 0.         -0.9999714   0.         -0.9999697 ]
 [ 0.          0.         -0.99998957  0.        ]
 [ 0.          0.         -0.99999213  0.        ]
 [ 0.         -0.9999994   0.         -0.9999939 ]
 [-0.9998506  -0.9997427  -1.         -0.99975187]
 [ 0.         -0.99978405 -1.          0.        ]
 [-0.99999726  0.          0.         -0.9999993 ]
 [ 0.         -0.9999714   0.         -0.9999697 ]]
--------------------------------------------------------------------------------
Training Eve, Epoch: 3
eve output
[[ 1.         -1.          1.         -0.9681616 ]
 [ 1.          1.         -0.99999803  0.9999999 ]
 [ 1.          1.         -0.99999803  0.99999994]
 [ 1.         -1.          0.9727908  -0.9996664 ]
 [ 1.         -0.2231518  -1.          0.9999893 ]
 [ 1.          1.         -1.          0.9999997 ]
 [ 1.         -1.          1.         -0.99957794]
 [ 1.         -1.          1.         -0.9681616 ]]
--------------------------------------------------------------------------------
Training Alice, and Bob, Epoch: 4
msg
[[ 1. -1.  1. -1.]
 [ 1.  1. -1.  1.]
 [ 1.  1. -1.  1.]
 [ 1. -1.  1. -1.]
 [-1. -1. -1. -1.]
 [ 1. -1. -1.  1.]
 [-1.  1.  1. -1.]
 [ 1. -1.  1. -1.]]
--------------------------------------------------------------------------------
key
[[-1. -1. -1.  1.]
 [-1. -1.  1.  1.]
 [ 1.  1. -1.  1.]
 [-1.  1. -1. -1.]
 [ 1. -1.  1. -1.]
 [-1. -1.  1.  1.]
 [ 1. -1. -1. -1.]
 [-1. -1. -1.  1.]]
--------------------------------------------------------------------------------
alice output
[[-0.9557782   0.         -0.99999946  0.        ]
 [-0.948431   -0.9992523  -0.97982925 -0.96908486]
 [-0.88620716  0.         -0.99975765 -0.839097  ]
 [ 0.         -0.69498044 -0.9999358   0.        ]
 [ 0.         -0.9999922   0.         -0.99554807]
 [ 0.         -0.9999892   0.         -0.8862932 ]
 [-0.9997616   0.         -0.99754846  0.        ]
 [-0.9557782   0.         -0.99999946  0.        ]]
--------------------------------------------------------------------------------
bob input
[[-0.9557782   0.         -0.99999946  0.         -1.         -1.
  -1.          1.        ]
 [-0.948431   -0.9992523  -0.97982925 -0.96908486 -1.         -1.
   1.          1.        ]
 [-0.88620716  0.         -0.99975765 -0.839097    1.          1.
  -1.          1.        ]
 [ 0.         -0.69498044 -0.9999358   0.         -1.          1.
  -1.         -1.        ]
 [ 0.         -0.9999922   0.         -0.99554807  1.         -1.
   1.         -1.        ]
 [ 0.         -0.9999892   0.         -0.8862932  -1.         -1.
   1.          1.        ]
 [-0.9997616   0.         -0.99754846  0.          1.         -1.
  -1.         -1.        ]
 [-0.9557782   0.         -0.99999946  0.         -1.         -1.
  -1.          1.        ]]
--------------------------------------------------------------------------------
bob output
[[ 0.         -1.          0.         -0.99999356]
 [ 0.          0.         -1.          0.        ]
 [ 0.          0.         -1.          0.        ]
 [ 0.         -1.          0.         -1.        ]
 [-1.         -0.99999666 -1.         -0.99998057]
 [ 0.         -0.9999999  -1.          0.        ]
 [-1.          0.          0.         -1.        ]
 [ 0.         -1.          0.         -0.99999356]]
--------------------------------------------------------------------------------
Training Eve, Epoch: 4
eve output
[[ 1.         -1.          1.         -0.9999461 ]
 [ 1.          1.         -0.99999964  0.9999995 ]
 [ 1.         -0.9999995   1.          0.99517465]
 [ 1.         -1.          0.99999964 -0.99998385]
 [ 1.          1.         -1.          0.9999998 ]
 [ 1.          1.         -1.          0.9999997 ]
 [ 1.         -1.          1.         -0.9999388 ]
 [ 1.         -1.          1.         -0.9999461 ]]
--------------------------------------------------------------------------------
Training Alice, and Bob, Epoch: 5
msg
[[ 1. -1.  1. -1.]
 [ 1.  1. -1.  1.]
 [ 1.  1. -1.  1.]
 [ 1. -1.  1. -1.]
 [-1. -1. -1. -1.]
 [ 1. -1. -1.  1.]
 [-1.  1.  1. -1.]
 [ 1. -1.  1. -1.]]
--------------------------------------------------------------------------------
key
[[-1. -1. -1.  1.]
 [-1. -1.  1.  1.]
 [ 1.  1. -1.  1.]
 [-1.  1. -1. -1.]
 [ 1. -1.  1. -1.]
 [-1. -1.  1.  1.]
 [ 1. -1. -1. -1.]
 [-1. -1. -1.  1.]]
--------------------------------------------------------------------------------
alice output
[[-0.881029    0.         -0.99999315  0.        ]
 [-0.80822253 -0.9968464  -0.8862946  -0.9261462 ]
 [-0.07072838  0.         -0.9969705  -0.4341129 ]
 [ 0.         -0.5089517  -0.9995354   0.        ]
 [ 0.         -0.99968874  0.         -0.98712987]
 [ 0.         -0.9998135   0.         -0.8163583 ]
 [-0.9986595   0.         -0.96759653  0.        ]
 [-0.881029    0.         -0.99999315  0.        ]]
--------------------------------------------------------------------------------
bob input
[[-0.881029    0.         -0.99999315  0.         -1.         -1.
  -1.          1.        ]
 [-0.80822253 -0.9968464  -0.8862946  -0.9261462  -1.         -1.
   1.          1.        ]
 [-0.07072838  0.         -0.9969705  -0.4341129   1.          1.
  -1.          1.        ]
 [ 0.         -0.5089517  -0.9995354   0.         -1.          1.
  -1.         -1.        ]
 [ 0.         -0.99968874  0.         -0.98712987  1.         -1.
   1.         -1.        ]
 [ 0.         -0.9998135   0.         -0.8163583  -1.         -1.
   1.          1.        ]
 [-0.9986595   0.         -0.96759653  0.          1.         -1.
  -1.         -1.        ]
 [-0.881029    0.         -0.99999315  0.         -1.         -1.
  -1.          1.        ]]
--------------------------------------------------------------------------------
bob output
[[ 0.         -1.          0.         -0.9999951 ]
 [ 0.          0.         -1.          0.        ]
 [ 0.          0.         -0.99999994  0.        ]
 [ 0.         -1.          0.         -0.99999994]
 [-1.         -0.99999785 -1.         -0.9999897 ]
 [ 0.         -0.9999999  -1.          0.        ]
 [-1.          0.          0.         -1.        ]
 [ 0.         -1.          0.         -0.9999951 ]]
--------------------------------------------------------------------------------
Training Eve, Epoch: 5
eve output
[[ 1.         -1.          1.         -0.99998826]
 [ 1.          1.         -0.9999998   0.9999988 ]
 [ 1.         -1.          1.         -0.99998945]
 [ 1.         -1.          1.         -0.99999756]
 [ 1.          1.         -1.          0.9999997 ]
 [ 1.          1.         -1.          0.9999995 ]
 [ 1.         -1.          1.         -0.99998105]
 [ 1.         -1.          1.         -0.99998826]]
--------------------------------------------------------------------------------
Training Alice, and Bob, Epoch: 6
msg
[[ 1. -1.  1. -1.]
 [ 1.  1. -1.  1.]
 [ 1.  1. -1.  1.]
 [ 1. -1.  1. -1.]
 [-1. -1. -1. -1.]
 [ 1. -1. -1.  1.]
 [-1.  1.  1. -1.]
 [ 1. -1.  1. -1.]]
--------------------------------------------------------------------------------
key
[[-1. -1. -1.  1.]
 [-1. -1.  1.  1.]
 [ 1.  1. -1.  1.]
 [-1.  1. -1. -1.]
 [ 1. -1.  1. -1.]
 [-1. -1.  1.  1.]
 [ 1. -1. -1. -1.]
 [-1. -1. -1.  1.]]
--------------------------------------------------------------------------------
alice output
[[-0.88181764  0.         -0.99999267  0.        ]
 [-0.8018348  -0.9966458  -0.88181525 -0.92490363]
 [-0.04059787  0.         -0.99671996 -0.40896982]
 [ 0.         -0.50177234 -0.9995146   0.        ]
 [ 0.         -0.9996635   0.         -0.9866208 ]
 [ 0.         -0.9997931   0.         -0.8158161 ]
 [-0.99863595  0.         -0.9635793   0.        ]
 [-0.88181764  0.         -0.99999267  0.        ]]
--------------------------------------------------------------------------------
bob input
[[-0.88181764  0.         -0.99999267  0.         -1.         -1.
  -1.          1.        ]
 [-0.8018348  -0.9966458  -0.88181525 -0.92490363 -1.         -1.
   1.          1.        ]
 [-0.04059787  0.         -0.99671996 -0.40896982  1.          1.
  -1.          1.        ]
 [ 0.         -0.50177234 -0.9995146   0.         -1.          1.
  -1.         -1.        ]
 [ 0.         -0.9996635   0.         -0.9866208   1.         -1.
   1.         -1.        ]
 [ 0.         -0.9997931   0.         -0.8158161  -1.         -1.
   1.          1.        ]
 [-0.99863595  0.         -0.9635793   0.          1.         -1.
  -1.         -1.        ]
 [-0.88181764  0.         -0.99999267  0.         -1.         -1.
  -1.          1.        ]]
--------------------------------------------------------------------------------
bob output
[[ 0.         -1.          0.         -0.99999905]
 [ 0.          0.         -1.          0.        ]
 [ 0.          0.         -1.          0.        ]
 [ 0.         -1.          0.         -1.        ]
 [-1.         -0.9999993  -1.         -0.99999774]
 [ 0.         -1.0000001  -1.          0.        ]
 [-1.          0.          0.         -1.        ]
 [ 0.         -1.          0.         -0.99999905]]
--------------------------------------------------------------------------------
Training Eve, Epoch: 6
eve output
[[ 1.         -1.          1.         -0.9999958 ]
 [ 1.          1.         -1.          0.9999986 ]
 [ 1.         -1.          1.         -0.99999696]
 [ 1.         -1.          1.         -0.99999917]
 [ 1.          1.         -1.          0.9999997 ]
 [ 1.          1.         -1.          0.99999934]
 [ 1.         -1.          1.         -0.9999929 ]
 [ 1.         -1.          1.         -0.9999958 ]]
--------------------------------------------------------------------------------
Training Alice, and Bob, Epoch: 7
msg
[[ 1. -1.  1. -1.]
 [ 1.  1. -1.  1.]
 [ 1.  1. -1.  1.]
 [ 1. -1.  1. -1.]
 [-1. -1. -1. -1.]
 [ 1. -1. -1.  1.]
 [-1.  1.  1. -1.]
 [ 1. -1.  1. -1.]]
--------------------------------------------------------------------------------
key
[[-1. -1. -1.  1.]
 [-1. -1.  1.  1.]
 [ 1.  1. -1.  1.]
 [-1.  1. -1. -1.]
 [ 1. -1.  1. -1.]
 [-1. -1.  1.  1.]
 [ 1. -1. -1. -1.]
 [-1. -1. -1.  1.]]
--------------------------------------------------------------------------------
alice output
[[-0.9214839   0.         -0.9999955   0.        ]
 [-0.9234959  -0.9979501  -0.8730211  -0.93474466]
 [-0.17704748  0.         -0.9980579  -0.447692  ]
 [ 0.         -0.6324192  -0.9997335   0.        ]
 [ 0.         -0.9998453   0.         -0.9883195 ]
 [ 0.         -0.9998937   0.         -0.8271849 ]
 [-0.99912804  0.         -0.9850914   0.        ]
 [-0.9214839   0.         -0.9999955   0.        ]]
--------------------------------------------------------------------------------
bob input
[[-0.9214839   0.         -0.9999955   0.         -1.         -1.
  -1.          1.        ]
 [-0.9234959  -0.9979501  -0.8730211  -0.93474466 -1.         -1.
   1.          1.        ]
 [-0.17704748  0.         -0.9980579  -0.447692    1.          1.
  -1.          1.        ]
 [ 0.         -0.6324192  -0.9997335   0.         -1.          1.
  -1.         -1.        ]
 [ 0.         -0.9998453   0.         -0.9883195   1.         -1.
   1.         -1.        ]
 [ 0.         -0.9998937   0.         -0.8271849  -1.         -1.
   1.          1.        ]
 [-0.99912804  0.         -0.9850914   0.          1.         -1.
  -1.         -1.        ]
 [-0.9214839   0.         -0.9999955   0.         -1.         -1.
  -1.          1.        ]]
--------------------------------------------------------------------------------
bob output
[[ 0.         -1.          0.         -0.9999998 ]
 [ 0.          0.         -1.          0.        ]
 [ 0.          0.         -1.          0.        ]
 [ 0.         -1.          0.         -1.        ]
 [-1.         -0.9999988  -1.         -0.99999964]
 [ 0.         -0.9999987  -1.          0.        ]
 [-1.          0.          0.         -1.        ]
 [ 0.         -1.          0.         -0.9999998 ]]
--------------------------------------------------------------------------------
Training Eve, Epoch: 7
eve output
[[ 1.         -1.          1.         -0.99999845]
 [ 1.          1.         -1.          0.9999992 ]
 [ 1.         -1.          1.         -0.99999785]
 [ 1.         -1.          0.99999976 -0.9999997 ]
 [ 1.          1.         -1.          0.9999998 ]
 [ 1.          1.         -1.          0.9999995 ]
 [ 1.         -1.          1.         -0.99999785]
 [ 1.         -1.          1.         -0.99999845]]
--------------------------------------------------------------------------------
Training Alice, and Bob, Epoch: 8
msg
[[ 1. -1.  1. -1.]
 [ 1.  1. -1.  1.]
 [ 1.  1. -1.  1.]
 [ 1. -1.  1. -1.]
 [-1. -1. -1. -1.]
 [ 1. -1. -1.  1.]
 [-1.  1.  1. -1.]
 [ 1. -1.  1. -1.]]
--------------------------------------------------------------------------------
key
[[-1. -1. -1.  1.]
 [-1. -1.  1.  1.]
 [ 1.  1. -1.  1.]
 [-1.  1. -1. -1.]
 [ 1. -1.  1. -1.]
 [-1. -1.  1.  1.]
 [ 1. -1. -1. -1.]
 [-1. -1. -1.  1.]]
--------------------------------------------------------------------------------
alice output
[[-0.9210005   0.         -0.9999951   0.        ]
 [-0.92310286 -0.9979279  -0.8715684  -0.9341    ]
 [-0.14493796  0.         -0.9980142  -0.4203249 ]
 [ 0.         -0.6494783  -0.99971277  0.        ]
 [ 0.         -0.99983853  0.         -0.9881455 ]
 [ 0.         -0.9998877   0.         -0.8269163 ]
 [-0.99913347  0.         -0.984177    0.        ]
 [-0.9210005   0.         -0.9999951   0.        ]]
--------------------------------------------------------------------------------
bob input
[[-0.9210005   0.         -0.9999951   0.         -1.         -1.
  -1.          1.        ]
 [-0.92310286 -0.9979279  -0.8715684  -0.9341     -1.         -1.
   1.          1.        ]
 [-0.14493796  0.         -0.9980142  -0.4203249   1.          1.
  -1.          1.        ]
 [ 0.         -0.6494783  -0.99971277  0.         -1.          1.
  -1.         -1.        ]
 [ 0.         -0.99983853  0.         -0.9881455   1.         -1.
   1.         -1.        ]
 [ 0.         -0.9998877   0.         -0.8269163  -1.         -1.
   1.          1.        ]
 [-0.99913347  0.         -0.984177    0.          1.         -1.
  -1.         -1.        ]
 [-0.9210005   0.         -0.9999951   0.         -1.         -1.
  -1.          1.        ]]
--------------------------------------------------------------------------------
bob output
[[ 0.        -1.         0.        -1.       ]
 [ 0.         0.        -1.         0.       ]
 [ 0.         0.        -1.         0.       ]
 [ 0.        -1.         0.        -1.       ]
 [-1.        -0.9999998 -1.        -1.       ]
 [ 0.        -0.9999998 -1.         0.       ]
 [-1.         0.         0.        -1.       ]
 [ 0.        -1.         0.        -1.       ]]
--------------------------------------------------------------------------------
Training Eve, Epoch: 8
eve output
[[ 1.         -1.          1.         -0.9999994 ]
 [ 1.          1.         -1.          0.99999964]
 [ 1.         -1.          1.         -0.99999934]
 [ 1.         -1.          1.         -1.        ]
 [ 1.          1.         -1.          0.99999976]
 [ 1.          1.         -1.          0.9999998 ]
 [ 1.         -1.          1.         -0.999999  ]
 [ 1.         -1.          1.         -0.9999994 ]]
--------------------------------------------------------------------------------
Training Alice, and Bob, Epoch: 9
msg
[[ 1. -1.  1. -1.]
 [ 1.  1. -1.  1.]
 [ 1.  1. -1.  1.]
 [ 1. -1.  1. -1.]
 [-1. -1. -1. -1.]
 [ 1. -1. -1.  1.]
 [-1.  1.  1. -1.]
 [ 1. -1.  1. -1.]]
--------------------------------------------------------------------------------
key
[[-1. -1. -1.  1.]
 [-1. -1.  1.  1.]
 [ 1.  1. -1.  1.]
 [-1.  1. -1. -1.]
 [ 1. -1.  1. -1.]
 [-1. -1.  1.  1.]
 [ 1. -1. -1. -1.]
 [-1. -1. -1.  1.]]
--------------------------------------------------------------------------------
alice output
[[-0.9270825   0.         -0.99999607  0.        ]
 [-0.9412012  -0.9985023  -0.9064038  -0.94054335]
 [-0.18650727  0.         -0.9987113  -0.42920935]
 [ 0.         -0.7736716  -0.9996771   0.        ]
 [ 0.         -0.9998877   0.         -0.9894885 ]
 [ 0.         -0.999917    0.         -0.8387097 ]
 [-0.99932647  0.         -0.98802644  0.        ]
 [-0.9270825   0.         -0.99999607  0.        ]]
--------------------------------------------------------------------------------
bob input
[[-0.9270825   0.         -0.99999607  0.         -1.         -1.
  -1.          1.        ]
 [-0.9412012  -0.9985023  -0.9064038  -0.94054335 -1.         -1.
   1.          1.        ]
 [-0.18650727  0.         -0.9987113  -0.42920935  1.          1.
  -1.          1.        ]
 [ 0.         -0.7736716  -0.9996771   0.         -1.          1.
  -1.         -1.        ]
 [ 0.         -0.9998877   0.         -0.9894885   1.         -1.
   1.         -1.        ]
 [ 0.         -0.999917    0.         -0.8387097  -1.         -1.
   1.          1.        ]
 [-0.99932647  0.         -0.98802644  0.          1.         -1.
  -1.         -1.        ]
 [-0.9270825   0.         -0.99999607  0.         -1.         -1.
  -1.          1.        ]]
--------------------------------------------------------------------------------
bob output
[[ 0.         -1.          0.         -1.        ]
 [ 0.          0.         -1.          0.        ]
 [ 0.          0.         -1.          0.        ]
 [ 0.         -1.          0.         -1.        ]
 [-1.         -0.9999999  -1.         -0.99999994]
 [ 0.         -1.0000001  -1.          0.        ]
 [-1.          0.          0.         -1.        ]
 [ 0.         -1.          0.         -1.        ]]
--------------------------------------------------------------------------------
Training Eve, Epoch: 9
eve output
[[ 1.         -1.          1.         -1.        ]
 [ 1.          0.9824931  -1.          0.9995941 ]
 [ 1.         -1.          1.         -1.        ]
 [ 1.         -1.         -0.8726804  -1.        ]
 [ 1.          1.         -1.          0.99995744]
 [ 1.          1.         -1.          0.9998256 ]
 [ 1.         -1.          1.         -1.        ]
 [ 1.         -1.          1.         -1.        ]]
--------------------------------------------------------------------------------
test data
msg
[[-1. -1. -1. -1.]
 [-1. -1. -1. -1.]
 [-1. -1. -1. -1.]
 [-1. -1. -1. -1.]
 [-1. -1. -1. -1.]
 [-1. -1. -1. -1.]
 [-1. -1. -1. -1.]
 [-1. -1. -1. -1.]
 [-1. -1. -1. -1.]
 [-1. -1. -1. -1.]
 [-1. -1. -1. -1.]
 [-1. -1. -1. -1.]
 [-1. -1. -1. -1.]
 [-1. -1. -1. -1.]
 [-1. -1. -1. -1.]
 [-1. -1. -1. -1.]
 [-1. -1. -1.  1.]
 [-1. -1. -1.  1.]
 [-1. -1. -1.  1.]
 [-1. -1. -1.  1.]
 [-1. -1. -1.  1.]
 [-1. -1. -1.  1.]
 [-1. -1. -1.  1.]
 [-1. -1. -1.  1.]
 [-1. -1. -1.  1.]
 [-1. -1. -1.  1.]
 [-1. -1. -1.  1.]
 [-1. -1. -1.  1.]
 [-1. -1. -1.  1.]
 [-1. -1. -1.  1.]
 [-1. -1. -1.  1.]
 [-1. -1. -1.  1.]
 [-1. -1.  1. -1.]
 [-1. -1.  1. -1.]
 [-1. -1.  1. -1.]
 [-1. -1.  1. -1.]
 [-1. -1.  1. -1.]
 [-1. -1.  1. -1.]
 [-1. -1.  1. -1.]
 [-1. -1.  1. -1.]
 [-1. -1.  1. -1.]
 [-1. -1.  1. -1.]
 [-1. -1.  1. -1.]
 [-1. -1.  1. -1.]
 [-1. -1.  1. -1.]
 [-1. -1.  1. -1.]
 [-1. -1.  1. -1.]
 [-1. -1.  1. -1.]
 [-1. -1.  1.  1.]
 [-1. -1.  1.  1.]
 [-1. -1.  1.  1.]
 [-1. -1.  1.  1.]
 [-1. -1.  1.  1.]
 [-1. -1.  1.  1.]
 [-1. -1.  1.  1.]
 [-1. -1.  1.  1.]
 [-1. -1.  1.  1.]
 [-1. -1.  1.  1.]
 [-1. -1.  1.  1.]
 [-1. -1.  1.  1.]
 [-1. -1.  1.  1.]
 [-1. -1.  1.  1.]
 [-1. -1.  1.  1.]
 [-1. -1.  1.  1.]
 [-1.  1. -1. -1.]
 [-1.  1. -1. -1.]
 [-1.  1. -1. -1.]
 [-1.  1. -1. -1.]
 [-1.  1. -1. -1.]
 [-1.  1. -1. -1.]
 [-1.  1. -1. -1.]
 [-1.  1. -1. -1.]
 [-1.  1. -1. -1.]
 [-1.  1. -1. -1.]
 [-1.  1. -1. -1.]
 [-1.  1. -1. -1.]
 [-1.  1. -1. -1.]
 [-1.  1. -1. -1.]
 [-1.  1. -1. -1.]
 [-1.  1. -1. -1.]
 [-1.  1. -1.  1.]
 [-1.  1. -1.  1.]
 [-1.  1. -1.  1.]
 [-1.  1. -1.  1.]
 [-1.  1. -1.  1.]
 [-1.  1. -1.  1.]
 [-1.  1. -1.  1.]
 [-1.  1. -1.  1.]
 [-1.  1. -1.  1.]
 [-1.  1. -1.  1.]
 [-1.  1. -1.  1.]
 [-1.  1. -1.  1.]
 [-1.  1. -1.  1.]
 [-1.  1. -1.  1.]
 [-1.  1. -1.  1.]
 [-1.  1. -1.  1.]
 [-1.  1.  1. -1.]
 [-1.  1.  1. -1.]
 [-1.  1.  1. -1.]
 [-1.  1.  1. -1.]
 [-1.  1.  1. -1.]
 [-1.  1.  1. -1.]
 [-1.  1.  1. -1.]
 [-1.  1.  1. -1.]
 [-1.  1.  1. -1.]
 [-1.  1.  1. -1.]
 [-1.  1.  1. -1.]
 [-1.  1.  1. -1.]
 [-1.  1.  1. -1.]
 [-1.  1.  1. -1.]
 [-1.  1.  1. -1.]
 [-1.  1.  1. -1.]
 [-1.  1.  1.  1.]
 [-1.  1.  1.  1.]
 [-1.  1.  1.  1.]
 [-1.  1.  1.  1.]
 [-1.  1.  1.  1.]
 [-1.  1.  1.  1.]
 [-1.  1.  1.  1.]
 [-1.  1.  1.  1.]
 [-1.  1.  1.  1.]
 [-1.  1.  1.  1.]
 [-1.  1.  1.  1.]
 [-1.  1.  1.  1.]
 [-1.  1.  1.  1.]
 [-1.  1.  1.  1.]
 [-1.  1.  1.  1.]
 [-1.  1.  1.  1.]
 [ 1. -1. -1. -1.]
 [ 1. -1. -1. -1.]
 [ 1. -1. -1. -1.]
 [ 1. -1. -1. -1.]
 [ 1. -1. -1. -1.]
 [ 1. -1. -1. -1.]
 [ 1. -1. -1. -1.]
 [ 1. -1. -1. -1.]
 [ 1. -1. -1. -1.]
 [ 1. -1. -1. -1.]
 [ 1. -1. -1. -1.]
 [ 1. -1. -1. -1.]
 [ 1. -1. -1. -1.]
 [ 1. -1. -1. -1.]
 [ 1. -1. -1. -1.]
 [ 1. -1. -1. -1.]
 [ 1. -1. -1.  1.]
 [ 1. -1. -1.  1.]
 [ 1. -1. -1.  1.]
 [ 1. -1. -1.  1.]
 [ 1. -1. -1.  1.]
 [ 1. -1. -1.  1.]
 [ 1. -1. -1.  1.]
 [ 1. -1. -1.  1.]
 [ 1. -1. -1.  1.]
 [ 1. -1. -1.  1.]
 [ 1. -1. -1.  1.]
 [ 1. -1. -1.  1.]
 [ 1. -1. -1.  1.]
 [ 1. -1. -1.  1.]
 [ 1. -1. -1.  1.]
 [ 1. -1. -1.  1.]
 [ 1. -1.  1. -1.]
 [ 1. -1.  1. -1.]
 [ 1. -1.  1. -1.]
 [ 1. -1.  1. -1.]
 [ 1. -1.  1. -1.]
 [ 1. -1.  1. -1.]
 [ 1. -1.  1. -1.]
 [ 1. -1.  1. -1.]
 [ 1. -1.  1. -1.]
 [ 1. -1.  1. -1.]
 [ 1. -1.  1. -1.]
 [ 1. -1.  1. -1.]
 [ 1. -1.  1. -1.]
 [ 1. -1.  1. -1.]
 [ 1. -1.  1. -1.]
 [ 1. -1.  1. -1.]
 [ 1. -1.  1.  1.]
 [ 1. -1.  1.  1.]
 [ 1. -1.  1.  1.]
 [ 1. -1.  1.  1.]
 [ 1. -1.  1.  1.]
 [ 1. -1.  1.  1.]
 [ 1. -1.  1.  1.]
 [ 1. -1.  1.  1.]
 [ 1. -1.  1.  1.]
 [ 1. -1.  1.  1.]
 [ 1. -1.  1.  1.]
 [ 1. -1.  1.  1.]
 [ 1. -1.  1.  1.]
 [ 1. -1.  1.  1.]
 [ 1. -1.  1.  1.]
 [ 1. -1.  1.  1.]
 [ 1.  1. -1. -1.]
 [ 1.  1. -1. -1.]
 [ 1.  1. -1. -1.]
 [ 1.  1. -1. -1.]
 [ 1.  1. -1. -1.]
 [ 1.  1. -1. -1.]
 [ 1.  1. -1. -1.]
 [ 1.  1. -1. -1.]
 [ 1.  1. -1. -1.]
 [ 1.  1. -1. -1.]
 [ 1.  1. -1. -1.]
 [ 1.  1. -1. -1.]
 [ 1.  1. -1. -1.]
 [ 1.  1. -1. -1.]
 [ 1.  1. -1. -1.]
 [ 1.  1. -1. -1.]
 [ 1.  1. -1.  1.]
 [ 1.  1. -1.  1.]
 [ 1.  1. -1.  1.]
 [ 1.  1. -1.  1.]
 [ 1.  1. -1.  1.]
 [ 1.  1. -1.  1.]
 [ 1.  1. -1.  1.]
 [ 1.  1. -1.  1.]
 [ 1.  1. -1.  1.]
 [ 1.  1. -1.  1.]
 [ 1.  1. -1.  1.]
 [ 1.  1. -1.  1.]
 [ 1.  1. -1.  1.]
 [ 1.  1. -1.  1.]
 [ 1.  1. -1.  1.]
 [ 1.  1. -1.  1.]
 [ 1.  1.  1. -1.]
 [ 1.  1.  1. -1.]
 [ 1.  1.  1. -1.]
 [ 1.  1.  1. -1.]
 [ 1.  1.  1. -1.]
 [ 1.  1.  1. -1.]
 [ 1.  1.  1. -1.]
 [ 1.  1.  1. -1.]
 [ 1.  1.  1. -1.]
 [ 1.  1.  1. -1.]
 [ 1.  1.  1. -1.]
 [ 1.  1.  1. -1.]
 [ 1.  1.  1. -1.]
 [ 1.  1.  1. -1.]
 [ 1.  1.  1. -1.]
 [ 1.  1.  1. -1.]
 [ 1.  1.  1.  1.]
 [ 1.  1.  1.  1.]
 [ 1.  1.  1.  1.]
 [ 1.  1.  1.  1.]
 [ 1.  1.  1.  1.]
 [ 1.  1.  1.  1.]
 [ 1.  1.  1.  1.]
 [ 1.  1.  1.  1.]
 [ 1.  1.  1.  1.]
 [ 1.  1.  1.  1.]
 [ 1.  1.  1.  1.]
 [ 1.  1.  1.  1.]
 [ 1.  1.  1.  1.]
 [ 1.  1.  1.  1.]
 [ 1.  1.  1.  1.]
 [ 1.  1.  1.  1.]]
--------------------------------------------------------------------------------
key
[[-1. -1. -1. -1.]
 [-1. -1. -1.  1.]
 [-1. -1.  1. -1.]
 [-1. -1.  1.  1.]
 [-1.  1. -1. -1.]
 [-1.  1. -1.  1.]
 [-1.  1.  1. -1.]
 [-1.  1.  1.  1.]
 [ 1. -1. -1. -1.]
 [ 1. -1. -1.  1.]
 [ 1. -1.  1. -1.]
 [ 1. -1.  1.  1.]
 [ 1.  1. -1. -1.]
 [ 1.  1. -1.  1.]
 [ 1.  1.  1. -1.]
 [ 1.  1.  1.  1.]
 [-1. -1. -1. -1.]
 [-1. -1. -1.  1.]
 [-1. -1.  1. -1.]
 [-1. -1.  1.  1.]
 [-1.  1. -1. -1.]
 [-1.  1. -1.  1.]
 [-1.  1.  1. -1.]
 [-1.  1.  1.  1.]
 [ 1. -1. -1. -1.]
 [ 1. -1. -1.  1.]
 [ 1. -1.  1. -1.]
 [ 1. -1.  1.  1.]
 [ 1.  1. -1. -1.]
 [ 1.  1. -1.  1.]
 [ 1.  1.  1. -1.]
 [ 1.  1.  1.  1.]
 [-1. -1. -1. -1.]
 [-1. -1. -1.  1.]
 [-1. -1.  1. -1.]
 [-1. -1.  1.  1.]
 [-1.  1. -1. -1.]
 [-1.  1. -1.  1.]
 [-1.  1.  1. -1.]
 [-1.  1.  1.  1.]
 [ 1. -1. -1. -1.]
 [ 1. -1. -1.  1.]
 [ 1. -1.  1. -1.]
 [ 1. -1.  1.  1.]
 [ 1.  1. -1. -1.]
 [ 1.  1. -1.  1.]
 [ 1.  1.  1. -1.]
 [ 1.  1.  1.  1.]
 [-1. -1. -1. -1.]
 [-1. -1. -1.  1.]
 [-1. -1.  1. -1.]
 [-1. -1.  1.  1.]
 [-1.  1. -1. -1.]
 [-1.  1. -1.  1.]
 [-1.  1.  1. -1.]
 [-1.  1.  1.  1.]
 [ 1. -1. -1. -1.]
 [ 1. -1. -1.  1.]
 [ 1. -1.  1. -1.]
 [ 1. -1.  1.  1.]
 [ 1.  1. -1. -1.]
 [ 1.  1. -1.  1.]
 [ 1.  1.  1. -1.]
 [ 1.  1.  1.  1.]
 [-1. -1. -1. -1.]
 [-1. -1. -1.  1.]
 [-1. -1.  1. -1.]
 [-1. -1.  1.  1.]
 [-1.  1. -1. -1.]
 [-1.  1. -1.  1.]
 [-1.  1.  1. -1.]
 [-1.  1.  1.  1.]
 [ 1. -1. -1. -1.]
 [ 1. -1. -1.  1.]
 [ 1. -1.  1. -1.]
 [ 1. -1.  1.  1.]
 [ 1.  1. -1. -1.]
 [ 1.  1. -1.  1.]
 [ 1.  1.  1. -1.]
 [ 1.  1.  1.  1.]
 [-1. -1. -1. -1.]
 [-1. -1. -1.  1.]
 [-1. -1.  1. -1.]
 [-1. -1.  1.  1.]
 [-1.  1. -1. -1.]
 [-1.  1. -1.  1.]
 [-1.  1.  1. -1.]
 [-1.  1.  1.  1.]
 [ 1. -1. -1. -1.]
 [ 1. -1. -1.  1.]
 [ 1. -1.  1. -1.]
 [ 1. -1.  1.  1.]
 [ 1.  1. -1. -1.]
 [ 1.  1. -1.  1.]
 [ 1.  1.  1. -1.]
 [ 1.  1.  1.  1.]
 [-1. -1. -1. -1.]
 [-1. -1. -1.  1.]
 [-1. -1.  1. -1.]
 [-1. -1.  1.  1.]
 [-1.  1. -1. -1.]
 [-1.  1. -1.  1.]
 [-1.  1.  1. -1.]
 [-1.  1.  1.  1.]
 [ 1. -1. -1. -1.]
 [ 1. -1. -1.  1.]
 [ 1. -1.  1. -1.]
 [ 1. -1.  1.  1.]
 [ 1.  1. -1. -1.]
 [ 1.  1. -1.  1.]
 [ 1.  1.  1. -1.]
 [ 1.  1.  1.  1.]
 [-1. -1. -1. -1.]
 [-1. -1. -1.  1.]
 [-1. -1.  1. -1.]
 [-1. -1.  1.  1.]
 [-1.  1. -1. -1.]
 [-1.  1. -1.  1.]
 [-1.  1.  1. -1.]
 [-1.  1.  1.  1.]
 [ 1. -1. -1. -1.]
 [ 1. -1. -1.  1.]
 [ 1. -1.  1. -1.]
 [ 1. -1.  1.  1.]
 [ 1.  1. -1. -1.]
 [ 1.  1. -1.  1.]
 [ 1.  1.  1. -1.]
 [ 1.  1.  1.  1.]
 [-1. -1. -1. -1.]
 [-1. -1. -1.  1.]
 [-1. -1.  1. -1.]
 [-1. -1.  1.  1.]
 [-1.  1. -1. -1.]
 [-1.  1. -1.  1.]
 [-1.  1.  1. -1.]
 [-1.  1.  1.  1.]
 [ 1. -1. -1. -1.]
 [ 1. -1. -1.  1.]
 [ 1. -1.  1. -1.]
 [ 1. -1.  1.  1.]
 [ 1.  1. -1. -1.]
 [ 1.  1. -1.  1.]
 [ 1.  1.  1. -1.]
 [ 1.  1.  1.  1.]
 [-1. -1. -1. -1.]
 [-1. -1. -1.  1.]
 [-1. -1.  1. -1.]
 [-1. -1.  1.  1.]
 [-1.  1. -1. -1.]
 [-1.  1. -1.  1.]
 [-1.  1.  1. -1.]
 [-1.  1.  1.  1.]
 [ 1. -1. -1. -1.]
 [ 1. -1. -1.  1.]
 [ 1. -1.  1. -1.]
 [ 1. -1.  1.  1.]
 [ 1.  1. -1. -1.]
 [ 1.  1. -1.  1.]
 [ 1.  1.  1. -1.]
 [ 1.  1.  1.  1.]
 [-1. -1. -1. -1.]
 [-1. -1. -1.  1.]
 [-1. -1.  1. -1.]
 [-1. -1.  1.  1.]
 [-1.  1. -1. -1.]
 [-1.  1. -1.  1.]
 [-1.  1.  1. -1.]
 [-1.  1.  1.  1.]
 [ 1. -1. -1. -1.]
 [ 1. -1. -1.  1.]
 [ 1. -1.  1. -1.]
 [ 1. -1.  1.  1.]
 [ 1.  1. -1. -1.]
 [ 1.  1. -1.  1.]
 [ 1.  1.  1. -1.]
 [ 1.  1.  1.  1.]
 [-1. -1. -1. -1.]
 [-1. -1. -1.  1.]
 [-1. -1.  1. -1.]
 [-1. -1.  1.  1.]
 [-1.  1. -1. -1.]
 [-1.  1. -1.  1.]
 [-1.  1.  1. -1.]
 [-1.  1.  1.  1.]
 [ 1. -1. -1. -1.]
 [ 1. -1. -1.  1.]
 [ 1. -1.  1. -1.]
 [ 1. -1.  1.  1.]
 [ 1.  1. -1. -1.]
 [ 1.  1. -1.  1.]
 [ 1.  1.  1. -1.]
 [ 1.  1.  1.  1.]
 [-1. -1. -1. -1.]
 [-1. -1. -1.  1.]
 [-1. -1.  1. -1.]
 [-1. -1.  1.  1.]
 [-1.  1. -1. -1.]
 [-1.  1. -1.  1.]
 [-1.  1.  1. -1.]
 [-1.  1.  1.  1.]
 [ 1. -1. -1. -1.]
 [ 1. -1. -1.  1.]
 [ 1. -1.  1. -1.]
 [ 1. -1.  1.  1.]
 [ 1.  1. -1. -1.]
 [ 1.  1. -1.  1.]
 [ 1.  1.  1. -1.]
 [ 1.  1.  1.  1.]
 [-1. -1. -1. -1.]
 [-1. -1. -1.  1.]
 [-1. -1.  1. -1.]
 [-1. -1.  1.  1.]
 [-1.  1. -1. -1.]
 [-1.  1. -1.  1.]
 [-1.  1.  1. -1.]
 [-1.  1.  1.  1.]
 [ 1. -1. -1. -1.]
 [ 1. -1. -1.  1.]
 [ 1. -1.  1. -1.]
 [ 1. -1.  1.  1.]
 [ 1.  1. -1. -1.]
 [ 1.  1. -1.  1.]
 [ 1.  1.  1. -1.]
 [ 1.  1.  1.  1.]
 [-1. -1. -1. -1.]
 [-1. -1. -1.  1.]
 [-1. -1.  1. -1.]
 [-1. -1.  1.  1.]
 [-1.  1. -1. -1.]
 [-1.  1. -1.  1.]
 [-1.  1.  1. -1.]
 [-1.  1.  1.  1.]
 [ 1. -1. -1. -1.]
 [ 1. -1. -1.  1.]
 [ 1. -1.  1. -1.]
 [ 1. -1.  1.  1.]
 [ 1.  1. -1. -1.]
 [ 1.  1. -1.  1.]
 [ 1.  1.  1. -1.]
 [ 1.  1.  1.  1.]
 [-1. -1. -1. -1.]
 [-1. -1. -1.  1.]
 [-1. -1.  1. -1.]
 [-1. -1.  1.  1.]
 [-1.  1. -1. -1.]
 [-1.  1. -1.  1.]
 [-1.  1.  1. -1.]
 [-1.  1.  1.  1.]
 [ 1. -1. -1. -1.]
 [ 1. -1. -1.  1.]
 [ 1. -1.  1. -1.]
 [ 1. -1.  1.  1.]
 [ 1.  1. -1. -1.]
 [ 1.  1. -1.  1.]
 [ 1.  1.  1. -1.]
 [ 1.  1.  1.  1.]]
--------------------------------------------------------------------------------
alice output
[[ 0.         -0.99722683  0.         -0.5811877 ]
 [ 0.         -0.78929996 -0.47503108  0.        ]
 [ 0.         -0.9905971   0.         -0.808408  ]
 [ 0.         -0.6661623   0.         -0.33974454]
 [-0.46978965 -0.9997537   0.          0.        ]
 [-0.3732329  -0.9962003  -0.1953787   0.        ]
 [ 0.         -0.99814534  0.         -0.08700472]
 [ 0.         -0.9720508   0.          0.        ]
 [ 0.         -0.9705507   0.         -0.64793843]
 [ 0.          0.          0.         -0.11988425]
 [ 0.         -0.97301114  0.         -0.82913727]
 [ 0.         -0.8337596   0.         -0.601933  ]
 [-0.8286706  -0.9992343   0.          0.        ]
 [-0.7567473  -0.9669648   0.          0.        ]
 [ 0.         -0.9893349   0.         -0.25352165]
 [ 0.         -0.6710861   0.          0.        ]
 [ 0.         -0.9914325   0.         -0.80073935]
 [ 0.         -0.5470354   0.         -0.4430243 ]
 [ 0.         -0.99865854  0.         -0.89028823]
 [ 0.         -0.9897836   0.         -0.6611564 ]
 [-0.05000296 -0.99951094  0.         -0.01270877]
 [ 0.         -0.99314505  0.          0.        ]
 [ 0.         -0.9971112   0.         -0.5579835 ]
 [ 0.         -0.983021    0.         -0.14779943]
 [ 0.         -0.90606123  0.         -0.81044817]
 [ 0.          0.          0.         -0.6931596 ]
 [ 0.         -0.9958371   0.         -0.9190505 ]
 [ 0.         -0.9883983   0.         -0.7877277 ]
 [-0.6219141  -0.99654675  0.         -0.09114378]
 [-0.47078553 -0.8813017   0.          0.        ]
 [ 0.         -0.9975314   0.         -0.609071  ]
 [ 0.         -0.9462407   0.         -0.5202908 ]
 [ 0.         -0.99165756  0.          0.        ]
 [-0.49672505 -0.11839588 -0.8708162   0.        ]
 [ 0.         -0.90513927  0.         -0.08001797]
 [-0.30196148  0.          0.          0.        ]
 [-0.72929204 -0.9996987   0.          0.        ]
 [-0.684021   -0.98580295 -0.69851655  0.        ]
 [ 0.         -0.9979418   0.          0.        ]
 [ 0.         -0.9156366   0.          0.        ]
 [-0.02185987 -0.7800455   0.          0.        ]
 [-0.72837394  0.         -0.31597173  0.        ]
 [ 0.         -0.42943493  0.         -0.20239769]
 [-0.6753073  -0.03829871  0.          0.        ]
 [-0.9225668  -0.99775857  0.          0.        ]
 [-0.895678   -0.7554309  -0.50467426  0.        ]
 [-0.34009922 -0.97184706 -0.27949166  0.        ]
 [-0.14231433  0.         -0.3942307   0.        ]
 [ 0.         -0.9748156   0.          0.        ]
 [-0.1543506   0.         -0.16270386  0.        ]
 [ 0.         -0.9874238   0.         -0.5684079 ]
 [ 0.         -0.9057702   0.         -0.11975671]
 [-0.43591198 -0.9993862   0.          0.        ]
 [-0.3315127  -0.9759436  -0.08544334  0.        ]
 [ 0.         -0.993713    0.          0.        ]
 [ 0.         -0.83205336 -0.00540986  0.        ]
 [ 0.         -0.30563572  0.          0.        ]
 [-0.5567509   0.          0.          0.        ]
 [ 0.         -0.94688046  0.         -0.59468293]
 [-0.3799587  -0.8617975   0.         -0.5237767 ]
 [-0.8262403  -0.9907719   0.          0.        ]
 [-0.75186336 -0.3159726   0.          0.        ]
 [ 0.         -0.9843157  -0.1346902   0.        ]
 [ 0.         -0.5383915  -0.18832602  0.        ]
 [-0.98525023 -0.01772045 -0.45029107  0.        ]
 [-0.9977488   0.         -0.99774     0.        ]
 [-0.97806436 -0.25559145  0.          0.        ]
 [-0.9964528   0.         -0.9495218  -0.40856802]
 [ 0.         -0.9796288  -0.06716169  0.        ]
 [-0.25013983  0.         -0.99539644  0.        ]
 [ 0.         -0.82334244  0.          0.        ]
 [-0.04636819  0.         -0.9516509   0.        ]
 [-0.99373215  0.          0.          0.        ]
 [-0.9978715   0.         -0.97590244  0.        ]
 [-0.99369186 -0.6508956   0.          0.        ]
 [-0.9979407  -0.3192578  -0.29546437 -0.7137832 ]
 [-0.34805447 -0.7936756   0.          0.        ]
 [-0.7459277   0.         -0.9910376   0.        ]
 [ 0.         -0.10909877 -0.37189966  0.        ]
 [-0.56410617  0.         -0.79584026  0.        ]
 [-0.97572607  0.          0.          0.        ]
 [-0.99618024  0.         -0.9814436  -0.44661784]
 [-0.94797957 -0.9574916   0.         -0.26462978]
 [-0.9909468  -0.8091852  -0.2183103  -0.8325492 ]
 [ 0.         -0.95918345  0.          0.        ]
 [ 0.          0.         -0.9799885   0.        ]
 [ 0.         -0.9322576   0.          0.        ]
 [ 0.         -0.7716222  -0.27920672 -0.0412739 ]
 [-0.99113256  0.          0.         -0.03671745]
 [-0.99709064  0.         -0.58075213 -0.7379228 ]
 [-0.9866511  -0.95287764  0.         -0.54349947]
 [-0.99577945 -0.8653016   0.         -0.9106143 ]
 [ 0.         -0.34151453  0.          0.        ]
 [-0.4552209   0.         -0.804081    0.        ]
 [ 0.         -0.9390459  -0.1709375   0.        ]
 [-0.20207812 -0.8325229  -0.27401564 -0.480643  ]
 [-0.9980774   0.         -0.8477018   0.        ]
 [-0.99936354  0.         -0.9987157   0.        ]
 [-0.99814326  0.         -0.05572764  0.        ]
 [-0.99943674  0.         -0.9779006   0.        ]
 [-0.33900467 -0.90900177 -0.67241555  0.        ]
 [-0.88457423  0.         -0.99891275  0.        ]
 [-0.4122473  -0.42769933 -0.35155755  0.        ]
 [-0.8931242   0.         -0.9951446   0.        ]
 [-0.9985137   0.         -0.09973079  0.        ]
 [-0.9990111   0.         -0.96886253  0.        ]
 [-0.99912125 -0.00674519 -0.43530133  0.        ]
 [-0.999404    0.         -0.75279444  0.        ]
 [-0.8705     -0.0765933  -0.4284468   0.        ]
 [-0.9612148   0.         -0.99390996  0.        ]
 [-0.734978    0.         -0.7612498   0.        ]
 [-0.9363364   0.         -0.96957827  0.        ]
 [-0.99750465  0.         -0.05976248  0.        ]
 [-0.99921113  0.         -0.98683393  0.        ]
 [-0.99646705 -0.71314615 -0.05267297  0.        ]
 [-0.99896777 -0.37636864 -0.6172948   0.        ]
 [-0.14253435 -0.8279534  -0.00812838  0.        ]
 [-0.8293904   0.         -0.9941688   0.        ]
 [-0.09607928 -0.37270775 -0.61626273  0.        ]
 [-0.78081983  0.         -0.9402199   0.        ]
 [-0.998412    0.          0.          0.        ]
 [-0.99894226  0.         -0.56730014  0.        ]
 [-0.9986609  -0.7119757  -0.01530236  0.        ]
 [-0.9990946  -0.63136536 -0.12305012 -0.39215127]
 [-0.6533081   0.         -0.17534156  0.        ]
 [-0.9002855   0.         -0.9397299   0.        ]
 [-0.5658166  -0.4556293  -0.7600728   0.        ]
 [-0.89021534 -0.15115091 -0.83593297  0.        ]
 [ 0.         -0.99632627  0.         -0.13675603]
 [ 0.         -0.63784736 -0.897116   -0.28918317]
 [ 0.         -0.9918641   0.         -0.5188403 ]
 [ 0.         -0.7102302   0.         -0.69788116]
 [ 0.         -0.99959517  0.          0.        ]
 [ 0.         -0.99221903 -0.7973677   0.        ]
 [ 0.         -0.99723434  0.          0.        ]
 [ 0.         -0.95579016 -0.02648566  0.        ]
 [ 0.         -0.9493728   0.         -0.16577256]
 [ 0.          0.         -0.6021005  -0.6387401 ]
 [ 0.         -0.97388107  0.         -0.66659576]
 [ 0.         -0.8692633   0.         -0.8299723 ]
 [ 0.         -0.99848956  0.          0.        ]
 [ 0.         -0.9092992  -0.61404127  0.        ]
 [ 0.         -0.98948526  0.          0.        ]
 [ 0.         -0.46674183  0.         -0.35806146]
 [ 0.         -0.98876715  0.         -0.5335147 ]
 [ 0.         -0.26806796 -0.32871783 -0.77198046]
 [ 0.         -0.9985428   0.         -0.76075053]
 [ 0.         -0.9894132   0.         -0.842986  ]
 [ 0.         -0.9992158   0.          0.        ]
 [ 0.         -0.98659056 -0.39263847  0.        ]
 [ 0.         -0.9961217   0.         -0.02316054]
 [ 0.         -0.96321374  0.         -0.6354344 ]
 [ 0.         -0.9248052   0.         -0.6727147 ]
 [ 0.         -0.09545538  0.         -0.8773164 ]
 [ 0.         -0.9956041   0.         -0.80496204]
 [ 0.         -0.9877534   0.         -0.90388113]
 [ 0.         -0.9935808   0.          0.        ]
 [ 0.         -0.71334785  0.         -0.40228412]
 [ 0.         -0.99700606  0.         -0.23176917]
 [ 0.         -0.9102512   0.         -0.81345767]
 [ 0.         -0.9867174   0.          0.        ]
 [ 0.          0.         -0.97759926  0.        ]
 [ 0.         -0.9037092   0.          0.        ]
 [ 0.          0.         -0.43277806  0.        ]
 [ 0.         -0.9994542   0.          0.        ]
 [ 0.         -0.9629611  -0.9485656   0.        ]
 [ 0.         -0.9965787   0.          0.        ]
 [ 0.         -0.8252401  -0.46292692  0.        ]
 [ 0.         -0.627681    0.          0.        ]
 [ 0.          0.         -0.77782774  0.        ]
 [ 0.         -0.59983426  0.          0.        ]
 [ 0.         -0.31995806  0.         -0.30697787]
 [-0.15238398 -0.9947412   0.          0.        ]
 [-0.18447235 -0.41710466 -0.87936854  0.        ]
 [ 0.         -0.94910306 -0.31765234  0.        ]
 [ 0.          0.         -0.44172397  0.        ]
 [ 0.         -0.96102345  0.          0.        ]
 [ 0.          0.         -0.75859994  0.        ]
 [ 0.         -0.98784864  0.         -0.03798863]
 [ 0.         -0.9275707   0.         -0.63813573]
 [ 0.         -0.9989234   0.          0.        ]
 [ 0.         -0.9394009  -0.73771924  0.        ]
 [ 0.         -0.9932567   0.          0.        ]
 [ 0.         -0.67203116 -0.00834674  0.        ]
 [ 0.         -0.07300492  0.          0.        ]
 [ 0.          0.          0.         -0.32767963]
 [ 0.         -0.96095145  0.         -0.23924167]
 [ 0.         -0.9039196   0.         -0.8216639 ]
 [ 0.         -0.98025286  0.          0.        ]
 [ 0.          0.          0.          0.        ]
 [ 0.         -0.9850371  -0.07856997  0.        ]
 [ 0.         -0.5244544  -0.1670302   0.        ]
 [-0.94782925  0.         -0.88672596  0.        ]
 [-0.99006283  0.         -0.99947155 -0.07031872]
 [-0.8516235  -0.64904755  0.         -0.11591456]
 [-0.9734227  -0.21104962 -0.9858037  -0.7816213 ]
 [ 0.         -0.96674657 -0.7495476   0.        ]
 [ 0.          0.         -0.99908286  0.        ]
 [ 0.         -0.74263644  0.          0.        ]
 [ 0.          0.         -0.988133    0.        ]
 [-0.98579     0.         -0.50055665  0.        ]
 [-0.993591    0.         -0.99184626 -0.49409887]
 [-0.97131854 -0.8201495   0.         -0.49940977]
 [-0.9884006  -0.7505001  -0.72463834 -0.892324  ]
 [ 0.         -0.6000523  -0.5603483   0.        ]
 [ 0.          0.         -0.99739254  0.        ]
 [ 0.         -0.36260608 -0.37513164  0.        ]
 [ 0.         -0.00522568 -0.9297561  -0.07754793]
 [-0.8782171   0.         -0.24615556 -0.19496018]
 [-0.97726506  0.         -0.9948452  -0.79399383]
 [-0.6272228  -0.9881404   0.         -0.64872336]
 [-0.9323679  -0.955153   -0.7100902  -0.9318922 ]
 [ 0.         -0.9347545  -0.24202418  0.        ]
 [ 0.          0.         -0.9952732   0.        ]
 [ 0.         -0.94748276  0.          0.        ]
 [ 0.         -0.8603864  -0.7357983  -0.58282274]
 [-0.9711345  -0.03297727  0.         -0.5783322 ]
 [-0.98749757 -0.01124177 -0.84274644 -0.8985181 ]
 [-0.9230184  -0.9826184   0.         -0.8000604 ]
 [-0.9721706  -0.9665932  -0.21689671 -0.959347  ]
 [ 0.         -0.01854294  0.          0.        ]
 [ 0.          0.         -0.93451566 -0.03186615]
 [ 0.         -0.9628562  -0.16880992 -0.26779166]
 [ 0.         -0.90113544 -0.34814572 -0.8028908 ]
 [-0.99549425  0.         -0.97170013  0.        ]
 [-0.99814814  0.         -0.99962884  0.        ]
 [-0.99124783  0.         -0.39440554  0.        ]
 [-0.99660105  0.         -0.9926673   0.        ]
 [ 0.         -0.82574904 -0.9448329   0.        ]
 [-0.57646745  0.         -0.99973065  0.        ]
 [ 0.         -0.12024922 -0.7195182   0.        ]
 [-0.43196     0.         -0.99889356  0.        ]
 [-0.9975741   0.         -0.66539663  0.        ]
 [-0.99813825  0.         -0.989643    0.        ]
 [-0.99723136 -0.20022267 -0.41883296  0.        ]
 [-0.99774975 -0.37565    -0.9155486   0.        ]
 [-0.38333803  0.         -0.8549217   0.        ]
 [-0.6665861   0.         -0.998543    0.        ]
 [-0.16503271  0.         -0.81325257  0.        ]
 [-0.6131703   0.         -0.99231094  0.        ]
 [-0.9917302   0.         -0.6976739   0.        ]
 [-0.99667704  0.         -0.99543256  0.        ]
 [-0.97693235 -0.8825483  -0.0462133   0.        ]
 [-0.991785   -0.8122441  -0.86126405 -0.49671206]
 [ 0.         -0.6814476  -0.7042312   0.        ]
 [-0.26154584  0.         -0.99836314  0.        ]
 [ 0.         -0.6059137  -0.6669586   0.        ]
 [-0.10454798 -0.24733156 -0.9839441   0.        ]
 [-0.99646175  0.          0.          0.        ]
 [-0.9971687   0.         -0.84900916  0.        ]
 [-0.9939532  -0.85015893  0.         -0.21460539]
 [-0.9951128  -0.87434554 -0.48298943 -0.75790477]
 [-0.02453072  0.         -0.32126454  0.        ]
 [-0.44477504  0.         -0.9866187   0.        ]
 [ 0.         -0.5875456  -0.76366645  0.        ]
 [-0.35414335 -0.47034773 -0.9361181   0.        ]]
--------------------------------------------------------------------------------
bob input
[[ 0.         -0.99722683  0.         -0.5811877  -1.         -1.
  -1.         -1.        ]
 [ 0.         -0.78929996 -0.47503108  0.         -1.         -1.
  -1.          1.        ]
 [ 0.         -0.9905971   0.         -0.808408   -1.         -1.
   1.         -1.        ]
 [ 0.         -0.6661623   0.         -0.33974454 -1.         -1.
   1.          1.        ]
 [-0.46978965 -0.9997537   0.          0.         -1.          1.
  -1.         -1.        ]
 [-0.3732329  -0.9962003  -0.1953787   0.         -1.          1.
  -1.          1.        ]
 [ 0.         -0.99814534  0.         -0.08700472 -1.          1.
   1.         -1.        ]
 [ 0.         -0.9720508   0.          0.         -1.          1.
   1.          1.        ]
 [ 0.         -0.9705507   0.         -0.64793843  1.         -1.
  -1.         -1.        ]
 [ 0.          0.          0.         -0.11988425  1.         -1.
  -1.          1.        ]
 [ 0.         -0.97301114  0.         -0.82913727  1.         -1.
   1.         -1.        ]
 [ 0.         -0.8337596   0.         -0.601933    1.         -1.
   1.          1.        ]
 [-0.8286706  -0.9992343   0.          0.          1.          1.
  -1.         -1.        ]
 [-0.7567473  -0.9669648   0.          0.          1.          1.
  -1.          1.        ]
 [ 0.         -0.9893349   0.         -0.25352165  1.          1.
   1.         -1.        ]
 [ 0.         -0.6710861   0.          0.          1.          1.
   1.          1.        ]
 [ 0.         -0.9914325   0.         -0.80073935 -1.         -1.
  -1.         -1.        ]
 [ 0.         -0.5470354   0.         -0.4430243  -1.         -1.
  -1.          1.        ]
 [ 0.         -0.99865854  0.         -0.89028823 -1.         -1.
   1.         -1.        ]
 [ 0.         -0.9897836   0.         -0.6611564  -1.         -1.
   1.          1.        ]
 [-0.05000296 -0.99951094  0.         -0.01270877 -1.          1.
  -1.         -1.        ]
 [ 0.         -0.99314505  0.          0.         -1.          1.
  -1.          1.        ]
 [ 0.         -0.9971112   0.         -0.5579835  -1.          1.
   1.         -1.        ]
 [ 0.         -0.983021    0.         -0.14779943 -1.          1.
   1.          1.        ]
 [ 0.         -0.90606123  0.         -0.81044817  1.         -1.
  -1.         -1.        ]
 [ 0.          0.          0.         -0.6931596   1.         -1.
  -1.          1.        ]
 [ 0.         -0.9958371   0.         -0.9190505   1.         -1.
   1.         -1.        ]
 [ 0.         -0.9883983   0.         -0.7877277   1.         -1.
   1.          1.        ]
 [-0.6219141  -0.99654675  0.         -0.09114378  1.          1.
  -1.         -1.        ]
 [-0.47078553 -0.8813017   0.          0.          1.          1.
  -1.          1.        ]
 [ 0.         -0.9975314   0.         -0.609071    1.          1.
   1.         -1.        ]
 [ 0.         -0.9462407   0.         -0.5202908   1.          1.
   1.          1.        ]
 [ 0.         -0.99165756  0.          0.         -1.         -1.
  -1.         -1.        ]
 [-0.49672505 -0.11839588 -0.8708162   0.         -1.         -1.
  -1.          1.        ]
 [ 0.         -0.90513927  0.         -0.08001797 -1.         -1.
   1.         -1.        ]
 [-0.30196148  0.          0.          0.         -1.         -1.
   1.          1.        ]
 [-0.72929204 -0.9996987   0.          0.         -1.          1.
  -1.         -1.        ]
 [-0.684021   -0.98580295 -0.69851655  0.         -1.          1.
  -1.          1.        ]
 [ 0.         -0.9979418   0.          0.         -1.          1.
   1.         -1.        ]
 [ 0.         -0.9156366   0.          0.         -1.          1.
   1.          1.        ]
 [-0.02185987 -0.7800455   0.          0.          1.         -1.
  -1.         -1.        ]
 [-0.72837394  0.         -0.31597173  0.          1.         -1.
  -1.          1.        ]
 [ 0.         -0.42943493  0.         -0.20239769  1.         -1.
   1.         -1.        ]
 [-0.6753073  -0.03829871  0.          0.          1.         -1.
   1.          1.        ]
 [-0.9225668  -0.99775857  0.          0.          1.          1.
  -1.         -1.        ]
 [-0.895678   -0.7554309  -0.50467426  0.          1.          1.
  -1.          1.        ]
 [-0.34009922 -0.97184706 -0.27949166  0.          1.          1.
   1.         -1.        ]
 [-0.14231433  0.         -0.3942307   0.          1.          1.
   1.          1.        ]
 [ 0.         -0.9748156   0.          0.         -1.         -1.
  -1.         -1.        ]
 [-0.1543506   0.         -0.16270386  0.         -1.         -1.
  -1.          1.        ]
 [ 0.         -0.9874238   0.         -0.5684079  -1.         -1.
   1.         -1.        ]
 [ 0.         -0.9057702   0.         -0.11975671 -1.         -1.
   1.          1.        ]
 [-0.43591198 -0.9993862   0.          0.         -1.          1.
  -1.         -1.        ]
 [-0.3315127  -0.9759436  -0.08544334  0.         -1.          1.
  -1.          1.        ]
 [ 0.         -0.993713    0.          0.         -1.          1.
   1.         -1.        ]
 [ 0.         -0.83205336 -0.00540986  0.         -1.          1.
   1.          1.        ]
 [ 0.         -0.30563572  0.          0.          1.         -1.
  -1.         -1.        ]
 [-0.5567509   0.          0.          0.          1.         -1.
  -1.          1.        ]
 [ 0.         -0.94688046  0.         -0.59468293  1.         -1.
   1.         -1.        ]
 [-0.3799587  -0.8617975   0.         -0.5237767   1.         -1.
   1.          1.        ]
 [-0.8262403  -0.9907719   0.          0.          1.          1.
  -1.         -1.        ]
 [-0.75186336 -0.3159726   0.          0.          1.          1.
  -1.          1.        ]
 [ 0.         -0.9843157  -0.1346902   0.          1.          1.
   1.         -1.        ]
 [ 0.         -0.5383915  -0.18832602  0.          1.          1.
   1.          1.        ]
 [-0.98525023 -0.01772045 -0.45029107  0.         -1.         -1.
  -1.         -1.        ]
 [-0.9977488   0.         -0.99774     0.         -1.         -1.
  -1.          1.        ]
 [-0.97806436 -0.25559145  0.          0.         -1.         -1.
   1.         -1.        ]
 [-0.9964528   0.         -0.9495218  -0.40856802 -1.         -1.
   1.          1.        ]
 [ 0.         -0.9796288  -0.06716169  0.         -1.          1.
  -1.         -1.        ]
 [-0.25013983  0.         -0.99539644  0.         -1.          1.
  -1.          1.        ]
 [ 0.         -0.82334244  0.          0.         -1.          1.
   1.         -1.        ]
 [-0.04636819  0.         -0.9516509   0.         -1.          1.
   1.          1.        ]
 [-0.99373215  0.          0.          0.          1.         -1.
  -1.         -1.        ]
 [-0.9978715   0.         -0.97590244  0.          1.         -1.
  -1.          1.        ]
 [-0.99369186 -0.6508956   0.          0.          1.         -1.
   1.         -1.        ]
 [-0.9979407  -0.3192578  -0.29546437 -0.7137832   1.         -1.
   1.          1.        ]
 [-0.34805447 -0.7936756   0.          0.          1.          1.
  -1.         -1.        ]
 [-0.7459277   0.         -0.9910376   0.          1.          1.
  -1.          1.        ]
 [ 0.         -0.10909877 -0.37189966  0.          1.          1.
   1.         -1.        ]
 [-0.56410617  0.         -0.79584026  0.          1.          1.
   1.          1.        ]
 [-0.97572607  0.          0.          0.         -1.         -1.
  -1.         -1.        ]
 [-0.99618024  0.         -0.9814436  -0.44661784 -1.         -1.
  -1.          1.        ]
 [-0.94797957 -0.9574916   0.         -0.26462978 -1.         -1.
   1.         -1.        ]
 [-0.9909468  -0.8091852  -0.2183103  -0.8325492  -1.         -1.
   1.          1.        ]
 [ 0.         -0.95918345  0.          0.         -1.          1.
  -1.         -1.        ]
 [ 0.          0.         -0.9799885   0.         -1.          1.
  -1.          1.        ]
 [ 0.         -0.9322576   0.          0.         -1.          1.
   1.         -1.        ]
 [ 0.         -0.7716222  -0.27920672 -0.0412739  -1.          1.
   1.          1.        ]
 [-0.99113256  0.          0.         -0.03671745  1.         -1.
  -1.         -1.        ]
 [-0.99709064  0.         -0.58075213 -0.7379228   1.         -1.
  -1.          1.        ]
 [-0.9866511  -0.95287764  0.         -0.54349947  1.         -1.
   1.         -1.        ]
 [-0.99577945 -0.8653016   0.         -0.9106143   1.         -1.
   1.          1.        ]
 [ 0.         -0.34151453  0.          0.          1.          1.
  -1.         -1.        ]
 [-0.4552209   0.         -0.804081    0.          1.          1.
  -1.          1.        ]
 [ 0.         -0.9390459  -0.1709375   0.          1.          1.
   1.         -1.        ]
 [-0.20207812 -0.8325229  -0.27401564 -0.480643    1.          1.
   1.          1.        ]
 [-0.9980774   0.         -0.8477018   0.         -1.         -1.
  -1.         -1.        ]
 [-0.99936354  0.         -0.9987157   0.         -1.         -1.
  -1.          1.        ]
 [-0.99814326  0.         -0.05572764  0.         -1.         -1.
   1.         -1.        ]
 [-0.99943674  0.         -0.9779006   0.         -1.         -1.
   1.          1.        ]
 [-0.33900467 -0.90900177 -0.67241555  0.         -1.          1.
  -1.         -1.        ]
 [-0.88457423  0.         -0.99891275  0.         -1.          1.
  -1.          1.        ]
 [-0.4122473  -0.42769933 -0.35155755  0.         -1.          1.
   1.         -1.        ]
 [-0.8931242   0.         -0.9951446   0.         -1.          1.
   1.          1.        ]
 [-0.9985137   0.         -0.09973079  0.          1.         -1.
  -1.         -1.        ]
 [-0.9990111   0.         -0.96886253  0.          1.         -1.
  -1.          1.        ]
 [-0.99912125 -0.00674519 -0.43530133  0.          1.         -1.
   1.         -1.        ]
 [-0.999404    0.         -0.75279444  0.          1.         -1.
   1.          1.        ]
 [-0.8705     -0.0765933  -0.4284468   0.          1.          1.
  -1.         -1.        ]
 [-0.9612148   0.         -0.99390996  0.          1.          1.
  -1.          1.        ]
 [-0.734978    0.         -0.7612498   0.          1.          1.
   1.         -1.        ]
 [-0.9363364   0.         -0.96957827  0.          1.          1.
   1.          1.        ]
 [-0.99750465  0.         -0.05976248  0.         -1.         -1.
  -1.         -1.        ]
 [-0.99921113  0.         -0.98683393  0.         -1.         -1.
  -1.          1.        ]
 [-0.99646705 -0.71314615 -0.05267297  0.         -1.         -1.
   1.         -1.        ]
 [-0.99896777 -0.37636864 -0.6172948   0.         -1.         -1.
   1.          1.        ]
 [-0.14253435 -0.8279534  -0.00812838  0.         -1.          1.
  -1.         -1.        ]
 [-0.8293904   0.         -0.9941688   0.         -1.          1.
  -1.          1.        ]
 [-0.09607928 -0.37270775 -0.61626273  0.         -1.          1.
   1.         -1.        ]
 [-0.78081983  0.         -0.9402199   0.         -1.          1.
   1.          1.        ]
 [-0.998412    0.          0.          0.          1.         -1.
  -1.         -1.        ]
 [-0.99894226  0.         -0.56730014  0.          1.         -1.
  -1.          1.        ]
 [-0.9986609  -0.7119757  -0.01530236  0.          1.         -1.
   1.         -1.        ]
 [-0.9990946  -0.63136536 -0.12305012 -0.39215127  1.         -1.
   1.          1.        ]
 [-0.6533081   0.         -0.17534156  0.          1.          1.
  -1.         -1.        ]
 [-0.9002855   0.         -0.9397299   0.          1.          1.
  -1.          1.        ]
 [-0.5658166  -0.4556293  -0.7600728   0.          1.          1.
   1.         -1.        ]
 [-0.89021534 -0.15115091 -0.83593297  0.          1.          1.
   1.          1.        ]
 [ 0.         -0.99632627  0.         -0.13675603 -1.         -1.
  -1.         -1.        ]
 [ 0.         -0.63784736 -0.897116   -0.28918317 -1.         -1.
  -1.          1.        ]
 [ 0.         -0.9918641   0.         -0.5188403  -1.         -1.
   1.         -1.        ]
 [ 0.         -0.7102302   0.         -0.69788116 -1.         -1.
   1.          1.        ]
 [ 0.         -0.99959517  0.          0.         -1.          1.
  -1.         -1.        ]
 [ 0.         -0.99221903 -0.7973677   0.         -1.          1.
  -1.          1.        ]
 [ 0.         -0.99723434  0.          0.         -1.          1.
   1.         -1.        ]
 [ 0.         -0.95579016 -0.02648566  0.         -1.          1.
   1.          1.        ]
 [ 0.         -0.9493728   0.         -0.16577256  1.         -1.
  -1.         -1.        ]
 [ 0.          0.         -0.6021005  -0.6387401   1.         -1.
  -1.          1.        ]
 [ 0.         -0.97388107  0.         -0.66659576  1.         -1.
   1.         -1.        ]
 [ 0.         -0.8692633   0.         -0.8299723   1.         -1.
   1.          1.        ]
 [ 0.         -0.99848956  0.          0.          1.          1.
  -1.         -1.        ]
 [ 0.         -0.9092992  -0.61404127  0.          1.          1.
  -1.          1.        ]
 [ 0.         -0.98948526  0.          0.          1.          1.
   1.         -1.        ]
 [ 0.         -0.46674183  0.         -0.35806146  1.          1.
   1.          1.        ]
 [ 0.         -0.98876715  0.         -0.5335147  -1.         -1.
  -1.         -1.        ]
 [ 0.         -0.26806796 -0.32871783 -0.77198046 -1.         -1.
  -1.          1.        ]
 [ 0.         -0.9985428   0.         -0.76075053 -1.         -1.
   1.         -1.        ]
 [ 0.         -0.9894132   0.         -0.842986   -1.         -1.
   1.          1.        ]
 [ 0.         -0.9992158   0.          0.         -1.          1.
  -1.         -1.        ]
 [ 0.         -0.98659056 -0.39263847  0.         -1.          1.
  -1.          1.        ]
 [ 0.         -0.9961217   0.         -0.02316054 -1.          1.
   1.         -1.        ]
 [ 0.         -0.96321374  0.         -0.6354344  -1.          1.
   1.          1.        ]
 [ 0.         -0.9248052   0.         -0.6727147   1.         -1.
  -1.         -1.        ]
 [ 0.         -0.09545538  0.         -0.8773164   1.         -1.
  -1.          1.        ]
 [ 0.         -0.9956041   0.         -0.80496204  1.         -1.
   1.         -1.        ]
 [ 0.         -0.9877534   0.         -0.90388113  1.         -1.
   1.          1.        ]
 [ 0.         -0.9935808   0.          0.          1.          1.
  -1.         -1.        ]
 [ 0.         -0.71334785  0.         -0.40228412  1.          1.
  -1.          1.        ]
 [ 0.         -0.99700606  0.         -0.23176917  1.          1.
   1.         -1.        ]
 [ 0.         -0.9102512   0.         -0.81345767  1.          1.
   1.          1.        ]
 [ 0.         -0.9867174   0.          0.         -1.         -1.
  -1.         -1.        ]
 [ 0.          0.         -0.97759926  0.         -1.         -1.
  -1.          1.        ]
 [ 0.         -0.9037092   0.          0.         -1.         -1.
   1.         -1.        ]
 [ 0.          0.         -0.43277806  0.         -1.         -1.
   1.          1.        ]
 [ 0.         -0.9994542   0.          0.         -1.          1.
  -1.         -1.        ]
 [ 0.         -0.9629611  -0.9485656   0.         -1.          1.
  -1.          1.        ]
 [ 0.         -0.9965787   0.          0.         -1.          1.
   1.         -1.        ]
 [ 0.         -0.8252401  -0.46292692  0.         -1.          1.
   1.          1.        ]
 [ 0.         -0.627681    0.          0.          1.         -1.
  -1.         -1.        ]
 [ 0.          0.         -0.77782774  0.          1.         -1.
  -1.          1.        ]
 [ 0.         -0.59983426  0.          0.          1.         -1.
   1.         -1.        ]
 [ 0.         -0.31995806  0.         -0.30697787  1.         -1.
   1.          1.        ]
 [-0.15238398 -0.9947412   0.          0.          1.          1.
  -1.         -1.        ]
 [-0.18447235 -0.41710466 -0.87936854  0.          1.          1.
  -1.          1.        ]
 [ 0.         -0.94910306 -0.31765234  0.          1.          1.
   1.         -1.        ]
 [ 0.          0.         -0.44172397  0.          1.          1.
   1.          1.        ]
 [ 0.         -0.96102345  0.          0.         -1.         -1.
  -1.         -1.        ]
 [ 0.          0.         -0.75859994  0.         -1.         -1.
  -1.          1.        ]
 [ 0.         -0.98784864  0.         -0.03798863 -1.         -1.
   1.         -1.        ]
 [ 0.         -0.9275707   0.         -0.63813573 -1.         -1.
   1.          1.        ]
 [ 0.         -0.9989234   0.          0.         -1.          1.
  -1.         -1.        ]
 [ 0.         -0.9394009  -0.73771924  0.         -1.          1.
  -1.          1.        ]
 [ 0.         -0.9932567   0.          0.         -1.          1.
   1.         -1.        ]
 [ 0.         -0.67203116 -0.00834674  0.         -1.          1.
   1.          1.        ]
 [ 0.         -0.07300492  0.          0.          1.         -1.
  -1.         -1.        ]
 [ 0.          0.          0.         -0.32767963  1.         -1.
  -1.          1.        ]
 [ 0.         -0.96095145  0.         -0.23924167  1.         -1.
   1.         -1.        ]
 [ 0.         -0.9039196   0.         -0.8216639   1.         -1.
   1.          1.        ]
 [ 0.         -0.98025286  0.          0.          1.          1.
  -1.         -1.        ]
 [ 0.          0.          0.          0.          1.          1.
  -1.          1.        ]
 [ 0.         -0.9850371  -0.07856997  0.          1.          1.
   1.         -1.        ]
 [ 0.         -0.5244544  -0.1670302   0.          1.          1.
   1.          1.        ]
 [-0.94782925  0.         -0.88672596  0.         -1.         -1.
  -1.         -1.        ]
 [-0.99006283  0.         -0.99947155 -0.07031872 -1.         -1.
  -1.          1.        ]
 [-0.8516235  -0.64904755  0.         -0.11591456 -1.         -1.
   1.         -1.        ]
 [-0.9734227  -0.21104962 -0.9858037  -0.7816213  -1.         -1.
   1.          1.        ]
 [ 0.         -0.96674657 -0.7495476   0.         -1.          1.
  -1.         -1.        ]
 [ 0.          0.         -0.99908286  0.         -1.          1.
  -1.          1.        ]
 [ 0.         -0.74263644  0.          0.         -1.          1.
   1.         -1.        ]
 [ 0.          0.         -0.988133    0.         -1.          1.
   1.          1.        ]
 [-0.98579     0.         -0.50055665  0.          1.         -1.
  -1.         -1.        ]
 [-0.993591    0.         -0.99184626 -0.49409887  1.         -1.
  -1.          1.        ]
 [-0.97131854 -0.8201495   0.         -0.49940977  1.         -1.
   1.         -1.        ]
 [-0.9884006  -0.7505001  -0.72463834 -0.892324    1.         -1.
   1.          1.        ]
 [ 0.         -0.6000523  -0.5603483   0.          1.          1.
  -1.         -1.        ]
 [ 0.          0.         -0.99739254  0.          1.          1.
  -1.          1.        ]
 [ 0.         -0.36260608 -0.37513164  0.          1.          1.
   1.         -1.        ]
 [ 0.         -0.00522568 -0.9297561  -0.07754793  1.          1.
   1.          1.        ]
 [-0.8782171   0.         -0.24615556 -0.19496018 -1.         -1.
  -1.         -1.        ]
 [-0.97726506  0.         -0.9948452  -0.79399383 -1.         -1.
  -1.          1.        ]
 [-0.6272228  -0.9881404   0.         -0.64872336 -1.         -1.
   1.         -1.        ]
 [-0.9323679  -0.955153   -0.7100902  -0.9318922  -1.         -1.
   1.          1.        ]
 [ 0.         -0.9347545  -0.24202418  0.         -1.          1.
  -1.         -1.        ]
 [ 0.          0.         -0.9952732   0.         -1.          1.
  -1.          1.        ]
 [ 0.         -0.94748276  0.          0.         -1.          1.
   1.         -1.        ]
 [ 0.         -0.8603864  -0.7357983  -0.58282274 -1.          1.
   1.          1.        ]
 [-0.9711345  -0.03297727  0.         -0.5783322   1.         -1.
  -1.         -1.        ]
 [-0.98749757 -0.01124177 -0.84274644 -0.8985181   1.         -1.
  -1.          1.        ]
 [-0.9230184  -0.9826184   0.         -0.8000604   1.         -1.
   1.         -1.        ]
 [-0.9721706  -0.9665932  -0.21689671 -0.959347    1.         -1.
   1.          1.        ]
 [ 0.         -0.01854294  0.          0.          1.          1.
  -1.         -1.        ]
 [ 0.          0.         -0.93451566 -0.03186615  1.          1.
  -1.          1.        ]
 [ 0.         -0.9628562  -0.16880992 -0.26779166  1.          1.
   1.         -1.        ]
 [ 0.         -0.90113544 -0.34814572 -0.8028908   1.          1.
   1.          1.        ]
 [-0.99549425  0.         -0.97170013  0.         -1.         -1.
  -1.         -1.        ]
 [-0.99814814  0.         -0.99962884  0.         -1.         -1.
  -1.          1.        ]
 [-0.99124783  0.         -0.39440554  0.         -1.         -1.
   1.         -1.        ]
 [-0.99660105  0.         -0.9926673   0.         -1.         -1.
   1.          1.        ]
 [ 0.         -0.82574904 -0.9448329   0.         -1.          1.
  -1.         -1.        ]
 [-0.57646745  0.         -0.99973065  0.         -1.          1.
  -1.          1.        ]
 [ 0.         -0.12024922 -0.7195182   0.         -1.          1.
   1.         -1.        ]
 [-0.43196     0.         -0.99889356  0.         -1.          1.
   1.          1.        ]
 [-0.9975741   0.         -0.66539663  0.          1.         -1.
  -1.         -1.        ]
 [-0.99813825  0.         -0.989643    0.          1.         -1.
  -1.          1.        ]
 [-0.99723136 -0.20022267 -0.41883296  0.          1.         -1.
   1.         -1.        ]
 [-0.99774975 -0.37565    -0.9155486   0.          1.         -1.
   1.          1.        ]
 [-0.38333803  0.         -0.8549217   0.          1.          1.
  -1.         -1.        ]
 [-0.6665861   0.         -0.998543    0.          1.          1.
  -1.          1.        ]
 [-0.16503271  0.         -0.81325257  0.          1.          1.
   1.         -1.        ]
 [-0.6131703   0.         -0.99231094  0.          1.          1.
   1.          1.        ]
 [-0.9917302   0.         -0.6976739   0.         -1.         -1.
  -1.         -1.        ]
 [-0.99667704  0.         -0.99543256  0.         -1.         -1.
  -1.          1.        ]
 [-0.97693235 -0.8825483  -0.0462133   0.         -1.         -1.
   1.         -1.        ]
 [-0.991785   -0.8122441  -0.86126405 -0.49671206 -1.         -1.
   1.          1.        ]
 [ 0.         -0.6814476  -0.7042312   0.         -1.          1.
  -1.         -1.        ]
 [-0.26154584  0.         -0.99836314  0.         -1.          1.
  -1.          1.        ]
 [ 0.         -0.6059137  -0.6669586   0.         -1.          1.
   1.         -1.        ]
 [-0.10454798 -0.24733156 -0.9839441   0.         -1.          1.
   1.          1.        ]
 [-0.99646175  0.          0.          0.          1.         -1.
  -1.         -1.        ]
 [-0.9971687   0.         -0.84900916  0.          1.         -1.
  -1.          1.        ]
 [-0.9939532  -0.85015893  0.         -0.21460539  1.         -1.
   1.         -1.        ]
 [-0.9951128  -0.87434554 -0.48298943 -0.75790477  1.         -1.
   1.          1.        ]
 [-0.02453072  0.         -0.32126454  0.          1.          1.
  -1.         -1.        ]
 [-0.44477504  0.         -0.9866187   0.          1.          1.
  -1.          1.        ]
 [ 0.         -0.5875456  -0.76366645  0.          1.          1.
   1.         -1.        ]
 [-0.35414335 -0.47034773 -0.9361181   0.          1.          1.
   1.          1.        ]]
--------------------------------------------------------------------------------
bob output
[[ 0.         -0.9997391  -0.12390754 -1.        ]
 [ 0.         -1.          0.         -0.99986607]
 [ 0.         -1.         -1.         -0.9999997 ]
 [ 0.         -1.         -1.          0.        ]
 [ 0.         -0.99998194  0.         -1.        ]
 [ 0.         -1.         -0.99673325  0.        ]
 [ 0.         -0.9998246  -0.00945997 -0.7842023 ]
 [ 0.         -0.99992126 -1.          0.        ]
 [-1.         -0.7843203  -1.         -1.        ]
 [ 0.          0.         -1.          0.        ]
 [-1.         -0.99999994 -1.         -1.        ]
 [-0.99997914 -0.9999997  -1.          0.        ]
 [-1.          0.          0.         -1.        ]
 [-1.          0.         -1.          0.        ]
 [-1.         -0.99918014 -1.         -0.7201014 ]
 [-0.99998695  0.         -1.          0.        ]
 [ 0.         -0.9983011  -0.8882687  -1.        ]
 [ 0.         -1.         -0.999903    0.        ]
 [ 0.         -1.         -1.         -0.99999887]
 [ 0.         -1.         -1.          0.        ]
 [ 0.         -1.          0.         -0.9999999 ]
 [ 0.         -1.         -0.9998378   0.        ]
 [ 0.         -0.9846395  -0.99999845  0.        ]
 [ 0.         -0.999306   -1.          0.        ]
 [-1.         -0.5112171  -1.         -1.        ]
 [ 0.          0.         -1.          0.        ]
 [-1.         -1.         -1.         -1.        ]
 [-0.99994504 -0.9999995  -1.          0.        ]
 [-1.          0.         -0.9424006  -1.        ]
 [-0.99996346  0.         -1.          0.        ]
 [-1.         -0.9943664  -1.          0.        ]
 [-0.99981844  0.         -1.          0.        ]
 [ 0.         -0.9999998   0.         -1.        ]
 [ 0.         -1.          0.         -1.        ]
 [ 0.         -1.         -0.9999173  -1.        ]
 [ 0.         -0.9999677  -0.9328287   0.        ]
 [-0.53712857 -0.9952777   0.         -1.        ]
 [ 0.         -1.         -0.9458757  -0.23151058]
 [ 0.         -0.999948    0.         -0.8662709 ]
 [ 0.         -0.9999692  -1.          0.        ]
 [-1.         -0.47029138 -1.         -1.        ]
 [-0.9999994   0.         -0.9996134  -0.9981883 ]
 [-1.         -1.         -1.         -1.        ]
 [-1.          0.         -1.          0.        ]
 [-1.          0.          0.         -1.        ]
 [-0.99999976  0.         -1.          0.        ]
 [-1.          0.         -1.         -0.9999759 ]
 [-0.99983823  0.         -1.          0.        ]
 [ 0.         -0.99999994  0.         -1.        ]
 [ 0.         -1.          0.         -0.24289402]
 [ 0.         -1.         -1.         -1.        ]
 [ 0.         -1.         -1.          0.        ]
 [ 0.         -0.9999913   0.         -1.        ]
 [ 0.         -1.         -0.99725425  0.        ]
 [ 0.         -0.99994826  0.         -0.86547333]
 [ 0.         -0.9999929  -1.          0.        ]
 [-1.          0.         -0.99999815 -1.        ]
 [-0.9999992   0.         -0.99999917 -0.27407506]
 [-1.         -1.         -1.         -1.        ]
 [-1.          0.         -1.          0.        ]
 [-1.          0.          0.         -1.        ]
 [-1.0000001   0.         -1.          0.        ]
 [-1.         -0.9999601  -1.         -0.9965517 ]
 [-0.99986297  0.         -1.          0.        ]
 [-0.90916413 -0.99962956  0.         -1.        ]
 [ 0.         -1.          0.         -1.        ]
 [-1.          0.          0.         -1.        ]
 [ 0.         -0.29962793 -0.99998283 -0.8767086 ]
 [ 0.         -1.          0.         -1.        ]
 [ 0.         -1.          0.          0.        ]
 [ 0.         -0.99995494  0.         -0.8218079 ]
 [ 0.         -1.         -0.99722797  0.        ]
 [-1.          0.          0.         -1.        ]
 [-0.9999957   0.          0.         -1.        ]
 [-1.          0.         -1.         -1.        ]
 [-1.          0.         -1.          0.        ]
 [-1.          0.         -0.9850927  -1.        ]
 [-0.9186415   0.         -0.99898845 -0.7728019 ]
 [-1.         -0.9975621  -1.         -0.9992888 ]
 [-0.9999996   0.         -1.          0.        ]
 [-0.99937046 -0.9982485   0.         -1.        ]
 [ 0.         -0.9999999   0.         -0.9999999 ]
 [-1.          0.          0.         -1.        ]
 [ 0.          0.         -1.          0.        ]
 [ 0.         -1.          0.         -0.99999964]
 [ 0.         -1.          0.          0.        ]
 [ 0.         -0.9999507   0.         -0.8524945 ]
 [ 0.         -0.99999964 -1.          0.        ]
 [-1.          0.          0.         -1.        ]
 [-0.9999937   0.         -1.         -0.9963787 ]
 [-1.          0.         -1.         -1.        ]
 [-1.          0.         -1.          0.        ]
 [-1.          0.         -0.99502945 -0.99999976]
 [ 0.          0.         -0.9998421   0.        ]
 [-1.         -0.999966   -1.         -0.9980518 ]
 [-0.99996525  0.         -1.          0.        ]
 [-0.14391103 -0.9999267   0.         -1.        ]
 [ 0.         -1.          0.         -1.        ]
 [-1.          0.          0.         -1.        ]
 [ 0.         -0.9969033   0.         -0.99919313]
 [ 0.         -1.          0.         -1.        ]
 [ 0.         -1.          0.         -0.43881503]
 [-0.38988063 -0.9992504   0.         -0.9997233 ]
 [ 0.         -0.9999988   0.          0.        ]
 [-1.          0.          0.         -1.        ]
 [-0.9999961   0.          0.         -1.        ]
 [-1.          0.         -0.9999651  -1.        ]
 [-1.          0.         -1.         -0.9870783 ]
 [-1.          0.          0.         -1.        ]
 [-0.999553    0.         -0.9959348  -0.89960015]
 [-1.          0.         -0.84987783 -1.        ]
 [-1.          0.         -1.          0.        ]
 [-0.99891925 -0.9978984   0.         -1.        ]
 [ 0.         -1.          0.         -1.        ]
 [-1.          0.          0.         -1.        ]
 [ 0.          0.         -0.99690676 -0.84682065]
 [ 0.         -1.          0.         -0.99999994]
 [ 0.         -1.          0.         -0.36889878]
 [ 0.         -1.          0.         -0.9999906 ]
 [ 0.         -0.99999964 -0.05227049  0.        ]
 [-1.          0.          0.         -1.        ]
 [-1.          0.         -0.44003922 -0.9999994 ]
 [-1.          0.         -1.         -1.        ]
 [-1.          0.         -1.          0.        ]
 [-1.          0.          0.         -1.        ]
 [-0.9989287   0.         -0.9972049  -0.73962575]
 [-1.          0.         -0.999958   -1.        ]
 [-1.          0.         -1.          0.        ]
 [ 0.         -0.9999995   0.         -1.        ]
 [ 0.         -1.         -0.8629301  -0.9999996 ]
 [ 0.         -1.         -1.         -1.        ]
 [ 0.         -0.99999976 -1.          0.        ]
 [ 0.         -1.          0.         -0.9999997 ]
 [ 0.         -1.         -0.9806079   0.        ]
 [ 0.         -0.99994814  0.         -0.86613834]
 [ 0.         -0.9999536  -1.          0.        ]
 [-1.         -0.910077   -1.         -1.        ]
 [ 0.          0.         -1.         -0.92097205]
 [-1.         -1.         -1.         -1.        ]
 [-0.99991363 -0.9999986  -1.          0.        ]
 [-1.          0.         -0.9999971  -1.        ]
 [ 0.          0.         -1.          0.        ]
 [-1.         -0.9997999  -1.         -0.96443015]
 [-0.99981356  0.         -1.          0.        ]
 [ 0.         -0.99983966  0.         -1.        ]
 [ 0.         -1.         -0.9999975   0.        ]
 [ 0.         -1.         -1.         -0.9999999 ]
 [ 0.         -0.9999999  -1.          0.        ]
 [ 0.         -1.          0.         -0.9999998 ]
 [ 0.         -1.         -0.99833643  0.        ]
 [ 0.         -0.9999183   0.         -0.84735405]
 [ 0.         -0.9921971  -1.          0.        ]
 [-1.         -0.6736837  -1.         -1.        ]
 [ 0.          0.         -1.          0.        ]
 [-1.         -0.99999994 -1.         -1.        ]
 [-0.9998836  -0.9999991  -1.          0.        ]
 [-1.          0.         -0.9999968  -1.        ]
 [ 0.          0.         -1.          0.        ]
 [-1.         -0.99930805 -1.         -0.7531526 ]
 [-0.99893254  0.         -1.          0.        ]
 [ 0.         -0.99999994  0.         -1.        ]
 [ 0.         -1.          0.         -0.9999999 ]
 [ 0.         -1.         -0.9993855  -1.        ]
 [ 0.         -1.         -0.96444595  0.        ]
 [ 0.         -1.          0.         -0.9999997 ]
 [ 0.         -1.         -0.92125213 -0.43029064]
 [ 0.         -0.99994814  0.         -0.86601514]
 [ 0.         -0.9999999  -1.          0.        ]
 [-1.         -0.10133328 -1.         -1.        ]
 [ 0.          0.         -1.         -0.99999905]
 [-1.         -1.         -1.         -1.        ]
 [-0.9999923  -0.99999493 -1.          0.        ]
 [-1.          0.         -0.99990964 -1.        ]
 [ 0.          0.         -1.         -0.16358335]
 [-1.         -0.99999505 -1.         -0.99990565]
 [-0.99027497  0.         -1.          0.        ]
 [ 0.         -0.99999994  0.         -1.        ]
 [ 0.         -1.          0.         -0.99997705]
 [ 0.         -1.         -0.9999245  -1.        ]
 [ 0.         -1.         -1.          0.        ]
 [ 0.         -1.          0.         -0.9999999 ]
 [ 0.         -1.         -0.9677085   0.        ]
 [ 0.         -0.9999482   0.         -0.8653864 ]
 [ 0.         -0.9999995  -1.          0.        ]
 [-1.          0.         -0.99998343 -1.        ]
 [ 0.          0.         -1.          0.        ]
 [-1.         -1.         -1.         -1.        ]
 [-0.9999223  -0.99999905 -1.          0.        ]
 [-1.          0.         -0.9999962  -1.        ]
 [ 0.          0.         -1.          0.        ]
 [-1.         -0.99992085 -1.         -0.9908401 ]
 [-0.999888    0.         -1.          0.        ]
 [ 0.         -0.9999804   0.         -1.        ]
 [ 0.         -1.          0.         -1.        ]
 [-1.          0.          0.         -1.        ]
 [ 0.          0.         -1.         -0.48771805]
 [ 0.         -1.          0.         -1.        ]
 [ 0.         -1.          0.          0.        ]
 [ 0.         -0.999958    0.         -0.7907959 ]
 [ 0.         -1.         -0.99809873  0.        ]
 [-1.          0.          0.         -1.        ]
 [-0.9998666   0.         -1.         -1.        ]
 [-1.          0.         -1.         -1.        ]
 [-1.          0.         -1.         -0.12368723]
 [-0.9999988   0.         -0.96918243 -1.        ]
 [ 0.          0.         -0.9999953   0.        ]
 [-1.         -0.9997996  -1.         -0.99986255]
 [ 0.          0.         -1.          0.        ]
 [-0.8249491  -0.99964035  0.         -1.        ]
 [ 0.         -0.9999901  -0.17580746 -0.9999959 ]
 [-0.99982595 -0.03552111 -0.9999956  -1.        ]
 [ 0.          0.         -1.          0.        ]
 [ 0.         -1.          0.         -1.        ]
 [ 0.         -1.          0.          0.        ]
 [ 0.         -0.99995023  0.         -0.85596406]
 [ 0.         -0.9995662  -1.          0.        ]
 [-1.          0.         -0.9900673  -1.        ]
 [-0.9995789   0.         -1.         -0.9999722 ]
 [-1.          0.         -1.         -1.        ]
 [-1.          0.         -1.          0.        ]
 [-1.          0.         -0.8754454  -0.99999547]
 [ 0.          0.         -0.99999964  0.        ]
 [-1.         -0.9998593  -1.         -0.960709  ]
 [-0.9431045   0.         -1.          0.        ]
 [ 0.         -0.99995846  0.         -1.        ]
 [ 0.         -1.          0.         -1.        ]
 [-1.          0.          0.         -1.        ]
 [ 0.         -0.9973971   0.         -0.9993891 ]
 [ 0.         -1.          0.         -1.        ]
 [ 0.         -1.          0.         -0.14573422]
 [ 0.         -1.          0.         -0.9999958 ]
 [ 0.         -1.         -0.8357033   0.        ]
 [-1.          0.          0.         -1.        ]
 [-0.99999505  0.          0.         -1.        ]
 [-1.          0.         -0.99999803 -1.        ]
 [-1.          0.         -1.         -0.9999719 ]
 [-1.          0.          0.         -1.        ]
 [-0.5006158   0.         -0.99937165 -0.7413541 ]
 [-1.         -0.96951157 -0.9999942  -1.        ]
 [-0.9999985   0.         -1.          0.        ]
 [-0.45676103 -0.99988097  0.         -1.        ]
 [ 0.         -1.          0.         -1.        ]
 [-1.          0.          0.         -1.        ]
 [ 0.          0.         -1.         -0.8654707 ]
 [ 0.         -1.          0.         -1.        ]
 [ 0.         -1.          0.          0.        ]
 [ 0.         -1.          0.         -0.9999977 ]
 [ 0.         -1.         -0.99998033  0.        ]
 [-1.          0.          0.         -1.        ]
 [-0.99999905  0.          0.         -1.        ]
 [-1.          0.         -1.         -1.        ]
 [-1.          0.         -1.          0.        ]
 [-1.          0.         -0.2573536  -1.        ]
 [ 0.          0.         -0.9998154  -0.49903163]
 [-1.         -0.9999999  -1.         -1.        ]
 [-0.9998303   0.         -1.          0.        ]]
--------------------------------------------------------------------------------
eve output
[[ 1.          1.         -1.          0.9999806 ]
 [ 1.         -1.         -1.         -0.9999999 ]
 [ 1.          1.         -1.          0.9999992 ]
 [ 1.          0.62509763 -1.          0.97305316]
 [ 1.         -0.99995196 -1.          0.4823719 ]
 [ 1.         -1.         -1.         -0.99901026]
 [ 1.         -0.9999998  -1.         -0.97436583]
 [ 1.         -1.         -1.         -0.9997951 ]
 [ 1.          1.         -1.          0.99999315]
 [ 1.         -1.         -0.7812548  -0.9999966 ]
 [ 1.          1.         -1.          0.9999994 ]
 [ 1.          1.         -1.          0.9999816 ]
 [ 1.          0.87180775 -1.          0.99927574]
 [ 1.         -0.3381753  -1.          0.9967382 ]
 [ 1.         -0.11894631 -1.          0.9400525 ]
 [ 1.         -1.         -1.         -0.9999704 ]
 [ 1.          1.         -1.          0.9999993 ]
 [ 1.          0.9998877  -1.          0.9989401 ]
 [ 1.          1.         -1.          0.99999964]
 [ 1.          1.         -1.          0.99999464]
 [ 1.         -1.         -1.         -0.9986046 ]
 [ 1.         -1.         -1.         -0.99976945]
 [ 1.          1.         -1.          0.99997056]
 [ 1.         -0.9999897  -1.         -0.61614865]
 [ 1.          1.         -1.          0.9999993 ]
 [ 1.          1.         -1.          0.99995077]
 [ 1.          1.         -1.          0.9999997 ]
 [ 1.          1.         -1.          0.99999917]
 [ 1.          0.98767316 -1.          0.9991611 ]
 [ 1.         -0.9999977  -1.         -0.19929378]
 [ 1.          1.         -1.          0.99998796]
 [ 1.          1.         -1.          0.9999328 ]
 [ 1.         -1.         -1.         -0.99977136]
 [ 1.         -1.          1.         -1.        ]
 [ 1.         -1.         -1.         -0.9949373 ]
 [ 1.         -1.          0.99848336 -0.99999744]
 [ 1.         -0.43626958 -1.          0.9960165 ]
 [ 1.         -1.         -0.9999984  -0.99999666]
 [ 1.         -1.         -1.         -0.9997633 ]
 [ 1.         -1.         -1.         -0.99985206]
 [ 1.         -1.         -1.         -0.9999228 ]
 [ 1.         -1.          1.         -0.99999857]
 [ 1.         -1.         -1.         -0.9967113 ]
 [ 1.         -1.          0.9999288  -0.999864  ]
 [ 1.          0.99511343 -1.          0.99970835]
 [ 1.         -1.         -0.9970344  -0.9998911 ]
 [ 1.         -1.         -1.         -0.99991626]
 [ 1.         -1.          1.         -1.        ]
 [ 1.         -1.         -1.         -0.99979186]
 [ 1.         -1.          0.9999966  -0.99999976]
 [ 1.          1.         -1.          0.9999752 ]
 [ 1.         -1.         -1.         -0.9567642 ]
 [ 1.         -0.9999868  -1.          0.17163914]
 [ 1.         -1.         -1.         -0.98610485]
 [ 1.         -1.         -1.         -0.9997687 ]
 [ 1.         -1.         -1.         -0.9999181 ]
 [ 1.         -1.         -0.9999999  -0.9999982 ]
 [ 1.         -1.          0.99996716 -0.99996823]
 [ 1.          1.         -1.          0.9999833 ]
 [ 1.          1.         -1.          0.9999977 ]
 [ 1.          0.8331756  -1.          0.99923575]
 [ 1.         -1.         -0.9950939  -0.95004547]
 [ 1.         -1.         -1.         -0.9999668 ]
 [ 1.         -1.         -1.         -0.9999994 ]
 [ 1.         -1.          1.         -0.99999833]
 [ 1.         -1.          1.         -1.        ]
 [ 1.         -0.99998605  0.47364303  0.05985843]
 [ 1.         -1.          1.         -0.999983  ]
 [ 1.         -1.         -1.         -0.99991506]
 [ 1.         -1.          1.         -1.        ]
 [ 1.         -1.         -1.         -0.99991643]
 [ 1.         -1.          1.         -1.        ]
 [ 1.         -1.          0.9999999  -0.9881147 ]
 [ 1.         -1.          1.         -1.        ]
 [ 1.         -0.00465008 -1.          0.998554  ]
 [ 1.          1.         -0.9999383   0.9999999 ]
 [ 1.         -1.         -1.         -0.97533315]
 [ 1.         -1.          1.         -1.        ]
 [ 1.         -1.          0.99999887 -1.        ]
 [ 1.         -1.          1.         -1.        ]
 [ 1.         -1.          0.99999976 -0.9920034 ]
 [ 1.         -1.          1.         -0.9999731 ]
 [ 1.          1.         -1.          0.9999986 ]
 [ 1.          1.         -1.          1.        ]
 [ 1.         -1.         -1.         -0.9998094 ]
 [ 1.         -1.          1.         -1.        ]
 [ 1.         -1.         -1.         -0.9998369 ]
 [ 1.         -1.         -1.         -0.99999785]
 [ 1.         -0.9999994   0.9999996  -0.8900464 ]
 [ 1.          0.9994087   0.9999989   0.9999971 ]
 [ 1.          1.         -1.          0.9999998 ]
 [ 1.          1.         -1.          1.        ]
 [ 1.         -1.         -1.         -0.9999979 ]
 [ 1.         -1.          1.         -1.        ]
 [ 1.         -1.         -1.         -0.9999859 ]
 [ 1.          0.90611476 -1.          0.9996014 ]
 [ 1.         -1.          1.         -1.        ]
 [ 1.         -1.          1.         -1.        ]
 [ 1.         -1.          1.         -0.9986366 ]
 [ 1.         -1.          1.         -1.        ]
 [ 1.         -1.         -0.9999997  -0.9999999 ]
 [ 1.         -1.          1.         -1.        ]
 [ 1.         -1.         -0.447268   -0.99999917]
 [ 1.         -1.          1.         -1.        ]
 [ 1.         -1.          1.         -0.9996213 ]
 [ 1.         -1.          1.         -1.        ]
 [ 1.         -1.          1.         -0.99999785]
 [ 1.         -1.          1.         -1.        ]
 [ 1.         -1.          1.         -0.9999985 ]
 [ 1.         -1.          1.         -1.        ]
 [ 1.         -1.          1.         -1.        ]
 [ 1.         -1.          1.         -1.        ]
 [ 1.         -1.          1.         -0.9988625 ]
 [ 1.         -1.          1.         -1.        ]
 [ 1.         -0.91862977 -1.          0.99732405]
 [ 1.         -1.          1.         -0.99999785]
 [ 1.         -1.         -1.         -0.99971265]
 [ 1.         -1.          1.         -1.        ]
 [ 1.         -1.          0.9999675  -1.        ]
 [ 1.         -1.          1.         -1.        ]
 [ 1.         -1.          0.9999999  -0.986833  ]
 [ 1.         -1.          1.         -0.9999995 ]
 [ 1.          0.18249014 -1.          0.9991082 ]
 [ 1.          1.         -1.          0.9999989 ]
 [ 1.         -1.          1.         -0.9999956 ]
 [ 1.         -1.          1.         -1.        ]
 [ 1.         -1.          1.         -0.9999998 ]
 [ 1.         -1.          1.         -0.99999976]
 [ 1.         -0.99999595 -1.         -0.7238611 ]
 [ 1.         -1.         -0.9495193  -0.9999999 ]
 [ 1.          1.         -1.          0.999938  ]
 [ 1.          1.         -1.          0.9999957 ]
 [ 1.         -1.         -1.         -0.9997612 ]
 [ 1.         -1.         -0.9999999  -1.        ]
 [ 1.         -1.         -1.         -0.9997642 ]
 [ 1.         -1.         -1.         -0.99987   ]
 [ 1.         -0.99996597 -1.         -0.43565556]
 [ 1.         -1.          0.9996844  -0.99980813]
 [ 1.          1.         -1.          0.99999505]
 [ 1.          1.         -1.          0.99999934]
 [ 1.         -1.         -1.         -0.99976254]
 [ 1.         -1.         -1.         -1.        ]
 [ 1.         -1.         -1.         -0.999774  ]
 [ 1.         -0.71593696 -1.          0.89525735]
 [ 1.          1.         -1.          0.999953  ]
 [ 1.          0.9990687  -1.          0.99992514]
 [ 1.          1.         -1.          0.99999875]
 [ 1.          1.         -1.          0.9999995 ]
 [ 1.         -1.         -1.         -0.9997616 ]
 [ 1.         -1.         -1.         -0.9999994 ]
 [ 1.         -1.         -1.         -0.99920905]
 [ 1.          1.         -1.          0.99999183]
 [ 1.          1.         -1.          0.99999523]
 [ 1.          1.         -1.          0.9999989 ]
 [ 1.          1.         -1.          0.9999992 ]
 [ 1.          1.         -1.          0.9999997 ]
 [ 1.         -1.         -1.         -0.9997689 ]
 [ 1.          0.99984515 -1.          0.9985636 ]
 [ 1.         -0.841374   -1.          0.8622563 ]
 [ 1.          1.         -1.          0.9999993 ]
 [ 1.         -1.         -1.         -0.9997776 ]
 [ 1.         -1.          1.         -1.        ]
 [ 1.         -1.         -1.         -0.9998623 ]
 [ 1.         -1.          1.         -1.        ]
 [ 1.         -1.         -1.         -0.9997613 ]
 [ 1.         -1.         -0.9997931  -1.        ]
 [ 1.         -1.         -1.         -0.9997651 ]
 [ 1.         -1.         -1.         -1.        ]
 [ 1.         -1.         -1.         -0.99997824]
 [ 1.         -1.          1.         -1.        ]
 [ 1.         -1.         -1.         -0.99998266]
 [ 1.         -0.9999881  -1.         -0.76625645]
 [ 1.         -1.         -1.         -0.9938783 ]
 [ 1.         -1.          1.         -1.        ]
 [ 1.         -1.         -1.         -0.9999985 ]
 [ 1.         -1.          1.         -1.        ]
 [ 1.         -1.         -1.         -0.99980754]
 [ 1.         -1.          1.         -1.        ]
 [ 1.         -1.         -1.         -0.99839586]
 [ 1.          1.         -1.          0.9999917 ]
 [ 1.         -1.         -1.         -0.999762  ]
 [ 1.         -1.         -0.9999999  -1.        ]
 [ 1.         -1.         -1.         -0.99976933]
 [ 1.         -1.         -1.         -0.99997383]
 [ 1.         -1.         -0.81751275 -0.99999964]
 [ 1.         -1.         -0.999855   -0.99765486]
 [ 1.         -0.8440708  -1.          0.8628098 ]
 [ 1.          1.         -1.          0.99999934]
 [ 1.         -1.         -1.         -0.99978536]
 [ 1.         -1.          0.84851104 -0.9999998 ]
 [ 1.         -1.         -1.         -0.99992543]
 [ 1.         -1.         -1.         -0.9999994 ]
 [ 1.         -1.          1.         -0.99999994]
 [ 1.         -1.          1.         -0.99999994]
 [ 1.          0.99914384 -1.          0.9998076 ]
 [ 1.         -1.          1.          0.9998195 ]
 [ 1.         -1.         -1.         -1.        ]
 [ 1.         -1.          1.         -1.        ]
 [ 1.         -1.         -1.         -0.9999509 ]
 [ 1.         -1.          1.         -1.        ]
 [ 1.         -1.          1.         -0.99999905]
 [ 1.         -1.          1.         -0.99992543]
 [ 1.          1.         -1.          0.99999976]
 [ 1.          1.         -0.9999999   0.9999999 ]
 [ 1.         -1.         -0.99802744 -1.        ]
 [ 1.         -1.          1.         -1.        ]
 [ 1.         -1.         -0.65300035 -1.0000001 ]
 [ 1.         -1.          1.         -1.        ]
 [ 1.         -1.          1.         -0.9866624 ]
 [ 1.         -1.          1.          0.9886865 ]
 [ 1.          1.         -1.          0.99999976]
 [ 1.          1.         -1.          1.        ]
 [ 1.         -1.         -1.         -0.99999547]
 [ 1.         -1.          1.         -1.        ]
 [ 1.         -1.         -1.         -0.9998218 ]
 [ 1.         -1.         -1.         -0.92787176]
 [ 1.          1.         -0.9896392   0.9999995 ]
 [ 1.          0.5328871   1.          0.9999975 ]
 [ 1.          1.         -1.          1.        ]
 [ 1.          1.         -1.          1.        ]
 [ 1.         -1.          0.5647787  -0.9999997 ]
 [ 1.         -1.          1.         -1.        ]
 [ 1.         -0.99999964 -1.         -0.28933126]
 [ 1.          1.         -1.          0.9999932 ]
 [ 1.         -1.          1.         -1.        ]
 [ 1.         -1.          1.         -1.        ]
 [ 1.         -1.          1.         -0.9999969 ]
 [ 1.         -1.          1.         -1.        ]
 [ 1.         -1.         -0.77657926 -1.        ]
 [ 1.         -1.          1.         -1.        ]
 [ 1.         -1.          1.         -1.        ]
 [ 1.         -1.          1.         -1.        ]
 [ 1.         -1.          1.         -0.99999994]
 [ 1.         -1.          1.         -1.        ]
 [ 1.         -1.          1.         -0.9999881 ]
 [ 1.         -1.          1.         -0.9999999 ]
 [ 1.         -1.          1.         -1.        ]
 [ 1.         -1.          1.         -1.        ]
 [ 1.         -1.          1.         -1.        ]
 [ 1.         -1.          1.         -1.        ]
 [ 1.         -1.          1.         -1.        ]
 [ 1.         -1.          1.         -1.        ]
 [ 1.          0.48730853 -1.          0.9995698 ]
 [ 1.         -1.         -0.99780625  0.9997222 ]
 [ 1.         -1.         -0.9837355  -1.        ]
 [ 1.         -1.          1.         -1.        ]
 [ 1.         -1.         -0.779068   -1.        ]
 [ 1.         -1.          1.         -1.        ]
 [ 1.         -1.          0.9999999  -0.9873827 ]
 [ 1.         -1.          1.         -0.9999998 ]
 [ 1.          1.         -1.          0.9999964 ]
 [ 1.          1.         -1.          0.9999999 ]
 [ 1.         -1.          1.         -1.        ]
 [ 1.         -1.          1.         -1.        ]
 [ 1.         -1.          0.94509333 -1.        ]
 [ 1.         -1.          1.         -1.        ]]
--------------------------------------------------------------------------------
